Wartervarneinhniss,

rudentis 6162.

milli 155651.) rudem 7, 171. 151156,

1511151551.) 11, 166. 143. rude 6, 234.
rudes 1, 71.

Γιι1211655 maguti 111· 333
a 1 s· s ·
55ω5555555555

aunum

rumores 6, 468. 1515511655 9,111.

rumpit 10, 153. rumpe 7, 117. rum·
pare 5,19. ruperat 9, 75. mm·
untur 6, 416. rupta 4, 42, rupta
1, 149. 151515 5, 46, 6, 12, 14, 85.
ruptae 1, 3. ruptis 15, 57.

ruo ruant 6, 77. ruebant 6, 618.
1511 16, 268. 1551151593.

rupem 13, 246. rupa 16, 93, 11,
165. rupes 5, 93. rupibus 1, 8.

rursum 12,76.

rursus 6,155; 16156.

5555555555555
182, 16,36. 1515 6, 55. 1515
14 75.

mfflumu

55555555555.
rustica 6, 66.

rutilus rutila 14, 299.

S

sabbata 6,159, 14, 96.

55555155 11, 27, 14, 136.

suem 55551 14, 269.

sacello 13,232. sacellis 16, 354.

55555555513221. 55511 eamme.)
3, 13, 11, 29, 15, 4. laevir.) 6,
22,15,116. 555151, 116. saurae
13,59. 55515151315, 16,38.
555115 6, 536, 13,19.

5555111ἓ5έῖι4515.) 15,141. (sens.) 4,
16, , .

5551555515155516,36.

55515115 6, 489.

saurglqlgus 8, 166; 13, 156. sacrilega
1 , 2.

sacrum 55515 12,86. 5155156336.
sacrorum 2,113. 55552125,
13, 167, 14, 163.

5555515555.) 6, 24, 13, 28. (acu.)
3, 313, 4, 68, 6, 299, 16, 248.
ωψ5η55ωᾼᾙ555
ll illini& ll, 9. saepius 6, 557,

, .

79*

saepta 5, 81.

555155 2, 11.

555111 5, 94, 15,54. 126. 5551115
affluam

saevitiae 4,151. 5551111515 4, 85.

saevus 16,126. saeva 4, 95, 14,
175. saevae 3, 8. saevo 16, 236.
saera 5, 78, 8, 223, 16, 367, 13,
176,15,17. 555115 15, 164. 555-
155 7, 151, 16, 361, 14, 148.
555155 1, 229, 16, 166. saeva 13,
186. saevior (mass.) 4,169. (sun.)
6, 292, 13, 196, 15, 115. sae·
ἔ15ἒ1515155515155.) 16, 328. (voe.)
‚ 41.

saga 6, 591.

5581115467.

sagittae 5139, 7,156. sagittas 6,
172. sagittis 15, 74.

sal salibus 9,11.

5511511 11, 66.

55111 7,166. salientibus 6, 599.

551115 6, 623.

salius 551155 6, 664.

saltatus 15, 49.

saltem 6, 335, 9,148.

uulgo saltantem 5,121. saltante 6,

55115 11, 126, 14, 82. 551155 7, 189,
16194.

55115 8, 26.

salua salutem 12, 49,

salutatrix 5, 21.

saluto salutat 8, 161. salutes 3,
184. salutat 3,136. 5515151116,
96. 551515151,116.

saluus 55115 5, 72. salva 6, 231,
11, 264, 551115 (masc.) 1,48; 9,
131. (sem.) 6, 36.

sanabile 15, 34.

sanutus 8, 24. 55555515. 5555-
tum 3,169. 555511 7, 269. 5555-
umauuau.mmmu
68. 5555155 16, 298. 555515515,
16. sanctissimus 4, 79. sanu-
tissima 1,112.

sandapilarum 8,175.

sane 1, 42, 4, 16, 5, 123, 9, 46, 16,
anawanum.

sanguis 10, 217, 12,13; 13, 179.
ωψ555μ55μ55
68, 14, 164. sangiune 4,16; 6,
625, 8, 2. 27. 42. 136. 219, 16,
1555555η555

5511556366.

5555 sanant 7,176.

 

