Worterverzdohnim.

55155115911.
551555 10, 281
pomum 555115 6,16. 555155, 150.

55505153, 211, ’6,,262 1,201,13,551·1·5111

49, 15, 66 ’55110515’1, 29.

555ο’108,, ’1,56 12, 94. 555111, 141,
6,.,,.309461499 5556133,
9, 61. 551151 ’1,0 35 55555151
13, 11. 555551 ’13,86. 5551,
155, 5,135, 6,112.219.041,’ 1,
114, 8, 22. 88. 88. 228, 10, ’165
11, 191. 192. 555515 5, 45. 13,
1,’149, 11, 84. 5555515 16, 45.
55551151 11, 19, ponebant 11, 106.
55511116, 359, 13, 30. 241. 5555515
., 65, 11,16, ponitur 5, 65, 14,
63. 551111 9, 40. 5551551,
8,19. 5555151ε555511515, 126.
131311 ⁵13⁶ 1031111111·
555550114,260. 5555505056.
5551155111, 9,52. 5551151, 41.
positum 6, ’580 posito, 11, 69.
5551151, ’90, 6, 20· 10, 261.
posito 13’, 39.’ 55511551 ,26’ 5ο-
51155 12,15,13, 149.’ 5551115
115111.,’,’13191 15 42 15551112,
14, 6,,264 9,141’.

5ο55’5,’6,, 6,32’. 555154,116,14,

5551111514, 46 5551165556, 604.

555555ομ541

5551511511, 61, 5551556, 112. 55·
515556,’158.

poplitibus, 6 263

5555 515561 584.

pop 11151031.

5551111152, 1’3, 3, 244, 1, 243,6,
9, 10,14, 14 115160, 15, 31
113. populi 2,162, 6, 534, 6,
169, 15, 39, 16,43. 551115

15. 256, 6, 169. 211, 10, 2341,
1410 551551146123,116,
15,2311. 5511152,61;’,’Ξ9111
14 42 55 51115113, 146. po·

51111 15, I'.135 5555151453, 5,
10· 10, ’1,50 15,169,

5515552, 66.

551512, 60, 10, 355, 13, 111. 551-
51151 6,4’41. 51515 1115116160.
1501110, 22.

5511151552, 80.

””’,1043. 6015511155,13 261·
”’,8 06. pomg 1143561)⁰ 638. porrigoi
1’1,146. 555551510110. porrexit

1111511513,111. 555551

69*

565655115151110, 632. 55115515
5511113126, 6,,2401,,98 119.
293· 155511,14, 133. 55115153,
511511’124,16,3. 5115515511
8,160.’ (511113105511515111
6, 261, 15, 156. 551155 6, 409,
1’,42 ’10,1’.55 5511151561
55105510 15’,2

5511151553, 266.

porticos 1, 116, 12, 101, 14, 66.
5510510054,0,6,’.00103
551115, 3 01, 9,,128’

55115, 3 ’26.’ ,1’511551, 143. portat
3,252’. 251. 51155 10, 19. 551-
10515 10, 26. 55115101 10, 158.

portabit, ’6 526. 55115151 10, 42.

5οτ1511011513,32.
5511155 (ooo.) 3,31,12,16,14,
5551115963. 5555113198, 6,149.
519. 624, 11, 30. 5555151115 5,’ 112,
1,11, 9,129. 55555111 14, 318.
555555 1, 96, 3, 102, 5, 65, 10,
54. 55555124, 9,,64 10 ,351;
11,148,14,193.’55555153,42,
8, ’246 ’5550551555 48. 5555-
1151 10, 105. 55555151, 1 313.
552555, ’,11 146. 55555511 ’1 ,62,
55511055 1,106. possidet 3,141.
551055110225,12,129. 55555-
5115111110.

5555551 3, ’.44 60. 55155, 3 223, 5,

3.1’11,’6,30, 13, 14. potest 1,
86; 3,.64 105, 6,,252 1, 60, 8,
191· ’10, 201. 302. 5555551 6, 96.
5661590,10,2. 5551111669.
555515, 3, 229. ’,212 ’0,102· ,,662,
86119,10363’11,206, 13,
1’12,14,’·.150’.’200 262, 10, 33.
5555114111, 5, 10, 6, ’.326 ’399
55555 6, 41,’ 10, 49’. 9’1, 12, 21.
551515111’,33’15.’55151551’15,’10.5
’5555551 6, 262, 14, 211. 555151
4,.90 55151113, 26’1; 6,443,14,
2’1. 255111114Η 25, 6, 1’,28 10, ’,123
5551155555 ,11, 33, 2, 62, 5, 15. 116.
po3148 6499. 560, ’,11’42’ 163, 8,
91. ’241’, 9,,125 ’1,0 212, 11, 42,
12, 124, 13, 16, 14,’ 66. 1’83. ’,190
15, 9910111. (acio.) 0, 504.
5551501551, 146, 6, 62’.
55511551,16,6,’,1 14, 156.

 

