62* Register.

(nom.) 14, 292. (999) 19, 44; numerum 9, 90. 2222266266, 386.

14 94 2226662646249. 6622242146, 949.
6612111412, 118. nummus 6,3’64 2262222221 &emim
nubit 4, 2’24. 994949, 991. nube 14, 222.’ (nom. plur.) 19, 194;

2,61. nubere 16, 339. 338. 2222· 14, 269. nummorum 1,1’14, 3.

6422116642, 131. nupsit 6,141. 143, 3,.191 nummos 6, 646,ῖ

34232, 1214ae 6111321ἔὲ9 2221616422 443,08’,;133,(13, 3)159,3ὲ3, 49. 94,

nu nummivoc 222222222ιί4

2222212242,11,”4, 199, 6, 163. nuda 1,’48; 11, 19.

6, 144’. 431. 626, 1, 35, 16, 64. numqu4m1, 1, 2,,168 3,44. 121, ,

nudum 11112 12226116, ’23,’2 14, 4,89114, 6,32, 6,’691,8,183.

398. nudum 3, 219, 3, 296, 9, 229. 262, 9, 199. ’139, 19, 68. 181.

36. 2264166211, ’196. ’42221164 49, 314, 11,’ 16· 12, 14, 14, 26. 224.

1,16,11,43,2222416 1, 23. 65. 321,16,’34.

6’22216’ 11, 96. nudis 6, 636. nu· numq1'149’4, 61, 11, 66.

41244 1, 84. 22224144 3, 2’16. nudis 2222226”,1 39.’96,’,231.162,3,13.36.

(mmai 2,42. ,44416422 999. 49. 99. 449' 4’993 4, 11; ’6, 119.
nu '9 4150. nugas 11, 171. 141, 6, 292. 396. 346. 333. 6’69, ἵ,
nu 2241,139, 2,119, 3,22,6,138, 36. 94. 149, 8, 198, 9, 12. 126,
· 9, 99. 9993 4, 93 2, 22; 22, 909; 40, 49. 49. 410. 449. 910; 11, 94. ,

44, 224, 22, 91. 9444 2, 9; 4, 49. 449. 262264, 14, 49. 94; 19,

194; 9, 9; 9,191. 190. 494. 444. 49. 90; 14, 49. 94. 99144. 499.

444. 222. 994. 909. 990; 4, 90. 497; 490; 19, 40. 22. 110.144; 19, 22.

9, 94; 41, 140. 191; 14, 99. 111 nuntiet 40, 449.

(342),13,114. nullum 1,99; 9, 2222ξ421,111;2,29,4,9,3,129;9,

224; 9, 149; 9, 44. 9994 19, 4; 14, 19; 19, 44.

118. 2222111646,.319 2222111 (mmo) 62222241, 77. nurum 14 229

1,1. 163, 3,4’,1 4,139, 19,11, 6226666613126, 68, 8’,1.62

1’2, 196, ’1999' (sm), 6, ’639’ 4222164213, 266. 122216266’,.411 2222-

66116222’ 3, 2’18, 6,614 2212112222 tantem’ 16,166 6221621662, 126.

6298, 12, 94} 14, 19. 2222112262 6612166121, '149

13, 366, 12, 21’, 49' 126,14,316. 2222121114,1’6.6221211643,111,12,

nu'1194'194'; 4,106; 9,’'194, 19, 22. 21646266. ,

81, 4949. 22221164,’·2,19,’119’442412·4“2 2261216146, 693. nutrioem

22221162,,99 3,28.94’, 8,64’, 11, 6,,3641,234.

116, 2222 2’2221113,’191. 22221121 424442 nucem 14, 449. 2222644 6144.

3,2’2. 191, 19,26, 1342 nullis

8, 219. nu’1409’9, 1’3. 4122114241, 114.

n4417446,36; 24, 426. 499 494 19, θ·

69. 22211114’14226’42.,.)6696 Um.) 62, 121. 126, 6, 119. 136, 949.

19, 131. (4462412.) 41, 64, 14, 166. 222. 311, 1,’29.’ 169, 9, 192131,
numen 3,19. 6622212214 31138, 6, 19,122.’161’.169,13’,14’9,14,189.

342, 1’3, 292. 219. numen ’19 211,16,19.

366, 13’, 37. 192, 14, 91. 316. ο121216.’

numine 13, 231. fiumina 6, 668, obduc'449,4.

14, 182, 16,’11.222222222211222419,111’612111644116669.

347. numina 19, 36. numinibus 6121162”3, 241, ’6,.431

13, 48. 6616616221 14, ’266Ι
, 6226262646, 109. numere96, 131. 6121162262, 94. obliquo4, 224 obli·
2222662616 41 2222626269, 41, 13, 22643, 64.

26. numerare 16,.l 2666266126 6126216’ 6, 613, 19, 294.

6,382. numeren1ur9.44. nume· 6624ρὶ19129.

2241614133. 61222421 19, 142. obrutus 14, 494.
numerosa ’(2662 94'449.,)7 151. (999. opruta 199

plur.) 10, 196. obscaena 6, ’.298 obscaeno 6, 949.
numerus 2’, 46, 6, 229, 1, 192. 6666662214’,29,11,114.

 

