Wbrterverzeiehniss.

12, 38, 13, 132. 33313 10, 245,
14,110. 3343111333 12, 68.

,veto 13, 128. 33131 10, 237. 293.
33131 6, 628. 331331 6, 74. 3311-
1333314185.

vetulus 10,268. vetulae 1, 39. 33·

-13413 13, 55. vetulae 6, 241. 33-
43133,194;13,135. vetulae 14,

vetus (som.) 3, 206, 6, 160, 15, 6.
33. (matr.) 5, 21. 3313313 (33333.)
3,1, 9,16, 13, 214, 14,184.
(sem.) 3, 135; 1, 135; 5, 35, 6, 14,
14, 37. (matr.) 6, 319, 13,147.
veteri 5, 64. veterem (33333.) 4,
52, 13, 61. (sm) 4,137, 6, 368.
33133 1,76. 3313316121. veteres
(nom. 34333.) 1, 132, 6, 335. 346,
7, 120, 14,189. (sm) 3, 13.
veterum 5,13. veteres (33333333.)
3,11, 7,170. (fem) 6, 519, 16,
299. 331333 3, 218.

3313313 15,151. 33313315 8, 34.
vetustos 6,162.

333ξὲ133ιέ 10,156. vexilla 2, 101;

, .

3333 vexat 2, 63, 7, 131, 12, 3.
vexant 1,100. vexare 1,126, 6,
599. 611, 7, 64, 13, 108. 133.

, vexantur 2, 43. vexatus 1, 2.
vexatae 6, 290. vexatas 11, 189.

3131,39, 14,223. 31314122. 3133
44, 433.

viator 10,22.

vibrati 8, 204.

vicinia 14,154.

vicinus 6, 152; 13, 185, 16, 37.

¹ vicina 6, 509, 14,143. 31313343
(nom.) 1, 8. (acc. 33333.) 6, 32.
313133 15,154. 3131334331 15, 36.
vicinarum 6, 6. vicinos 6, 414.
vicina 1,1; 15,·15.

31313 3163 15, 53. 31633 6, 311; 13,
88. vicibus 1, 240.

3131133312113.

31313323, 73. victoris 2, 162. 3131331
7, 24.

victoria 8, 53. 63, 15, 47.

viatrix 1, 50, 13, 20, 15, 81.

vietum 7, 9, 14, 273.

31333 2, 8, 6, 656. 31333334 3, 237.
31333 6, 78.

31633 6, 395, 13, 118. video 3, 249,
8, 90, 11, 9, 12, 126, 13,135.
316316, 408, 8, 149, 10, 252. 290,
13, 221. videmus 4, 22, 13, 8.

93*

videas 2, 15; 13‚115. 152; 11,12.
videant 33, 31. videbat 2, 333.
videres 11, 133. videret 13, 56,
15,112. videbis 1, 31; 3,111;
5, 25; 5, 533; 14, 215. visurus 5,
313. viii 3, 43, 43, 35. vidisti
1, 11. viiii 1, 32; 5, 131. 215.
344, 10,255; 44, 311; 15, 33.
vidimus 3, 5. vidistis 1, 105.
viderunt 3, 311; 5, 21; 11,113.
videris 15, 213. viieiii 3, 33.
3161333 14, 283. , 31613331 10, 36.
3133 14, 44. 3163314322. 31-
63313 5, 161, 9, 20. videtur 3, 95,
5, 151. 115. 201. 535. 333, 44,
343, 15, 55. videntur 11,121.
316331 6, 113.115.154. 31633633
5, 551. viii 5, 533; 44, 463, 15,
43. visae 4, 111. visam 3, 3,
11,152. viiii 12‚51.

31414334681411ὲ 31633316405. viduas

· 1.

,3313131333

vigilem ¹3¹’2260' vigili 13, 223.
vi ‘e 15.

341133 3333 33
vigilanti 4,.33. vigilantibus 3', 123.
vigilando 3, 232. vigilata 1, 21.

vi · 313140. ,

’01293 135. 225; 4, 51. vilica

33341333.) 5,1; 14, 253. (fem.)
1, 111. vile 11, 31. viles 13, 112.
vilibus 5,146.

31113 (nom. 31'139.) 14, 141. (aii.) 4,
112. villarum 14, 53. 3111331,
34, 1, 333, 33, 333, 44, 35. 215.

vimine 3,71,

vincio vinxerat 13, 183.

313313 13,186, 3133113 3, 310.

vinco 313313 8, 54. vincant 1,113.
3133333 13, 112. 3133333 14, 90.
vincebat 14,91. victurus 6, 567.
victuro 9, 58. 313112, 143, 4, 136,
14, 214. 31313433 2,163. 31333331
10, 285. 3133311 13, 4. 31331133
15,153; 11,115. vincuntur 5, 133.
31335313 14, 213, vietus 9, 2, 10,
84. 31311 6, 661. 313133 10,135.
victo 43, 336. victum 5, 110. 233.
victi 13, 211. viciis 3, 33, 11,
333, 43, 436.

vindex 10,155; 3136133 4,152.

3333339 43, 433, 43, 22. vindicii
1, 1.

 

