Worterverzeiohnise.

obscuri 6, 145. 06000110 6, 131.
obscurior 11,125.

obsequere 10, 343.

observant 6159. observet 5,
0616011010 7, 241. observandis 6,
0 .

06000 2,166.

obsidet 10, 17.

obsidionis 15, 96.

06006140 (nom. plur.) 11,164. 1000.)
, .

ο6010016250.0601016,194. 06-
0101 14, 49, 060111114, 62. 000101
6 164. 243, 61.54 ’0001110106
616000101111611011, 15. 00010611

06061010 10, 88.

obiero obtritum 3, 260.

06111108, 159, 10, ’86 061106, 412.

0000010 00000116, 186, 15, 69.

00016113,116,1,164,000160013,
31. 000160106104, 6,,628 10,
96, 14, 331. 0001600110,’22.1
000161οἐ0 15,170.

000160116158.

occultus 11, 58. 00011111 6, 271, 7,
260. 0000110111 16, 195. 00011110
1000060) 8,107.’266; 9,101.
001011ἰο6, ὅθ’, 12, 42.

occurrit 1, 69, ’15, 139. 00000001
12, 77, 14, 292 00001100 1, 18
9, 2. 00000010 5, 54, 9, 44.
occurrent 6, 655.

occursum 8, 152. 0000100 6, 418.
00001000 6, 572, 10, 48.

oceano 10, 149.

000111 men.) 6, 109. 578. 0001100 6, 8.

001006, 53. 148. 416, 7, 24, 14, 252.

001000 6, 258.

octavo 1, 49.

00106, 2;29 7,142.

0014009021601011106, 192. octogensimo

000101016, 12. 00010654. 00011
6,140.’000101·10015,58. 000110
1632, 14, 65. 0001οο 2, 95, 7,
241; 6150, 16228, 12, 96, 13,
633. {44. 000110 6, 433, 16336,

061 6, 451. 0611 6, 272. 510, 7, 35,
6202· 9,,96 10 76 15 37 71.
0611001 6, 214. ”0601·0016,627.
0601116, 183. 0601014, 73.

061010 15 64 51 0610 10 629

0601162114. 06011011,.74 odorem
6162. 0601061511.

oenophorum 6, 426, 7,11.
000110 4,123.
ofellae 11,144.

41. offam 1611. 01100 2, 63, 6, 472.

offendere 16, 24.

offensae 6105.

officium 6132, 3, 126. 269. officii
6164. officium 11, 114. 0111010
6, 203. officia 7,107. officiorum
613. 0160101645.

0101 6, 461. olentis 14, 269. olebit
5,87.

oletim olei 7, 99.

olfecisse 7, 225.

0116011172.011608,157.

011013,’163,4,96, 5,110, 6,42.
90.1’5.7 281. ’,346 8, 98, 9, 17,
10,78.142.166.1’73,11,’77, 14,
186. 225· 15, 96.

olivae 13, 99. ’olivi 14, 144.

0110016171,

010004,’125.

0100010 ’13, 118.

omnio 101010.) 11, 6. (son.) 61555,
606, 6, 438, 6100, 11, 166, 15,
11, 001001,149, 6, 260, 5, 93,
6140, 16219, 11,4. 0100107,
57, 0100010 101000)10 320 [fene]
8,,132 13 204 01000623, 8,
1’22, 688, 15, 114, 16, 54. omni
(maie.),159; ’6,606, 8,2,39 10,
256, 14, 11. ’1sem.]3,’ 104, 6, ’16“,1
8, 256, ’10, 280. 303, 11,174’, 14,
68. [0001166 14, 8, 209, 16232,
11, 146, 13,24, 14,237, 010000
(mooe.) 3, 183. 308, 5, 169, 6, 336,
7, 70. 151, 9, 106132, 1667,
14, 41, 15, 62, 16, 20. 60 (his).
1011116197, 14,209. 0010103,
83, 5, 58. 158, 6, 166. 187. 324,
9,12, 11,110, 1622. 00101600
(maso.) 2, 31, 6148, 7,101, 13,
166. omnes (01000.) 6, 151. 249,
7231· 165188. 0101111644,
6,450. 0100ῑο(01000.)1,24,6’592,
111,47,12,90.1Ῐο01.) 1’5, 99.
00101οᾛ24, 6387196 4’,79,
5,1231”10,’8,’70.97; 10, 79. '124’
191. 265, ’,11 1417819612,
124· 13,86223,14,53.127.’262.
360, 15,’30. 107. 01001600110010)
2147 11, 25. 00111646161.
(0001016656.

00010006, 236.

0000168.

opaci 3, ’54

 

