Μ* &Qu

severum 14,119. severi 3, 131. 149; 9,33, 13 47 (ace. 11,13.
1111101111, 91 sidsiibiis5, 11.
oew‚Q4,Qm6. 1ΜΜ,Μ’ΜΜΜΜ,Μ
sexagesimus 14, 197. ss'pn ent3, 371. signsseS, 141
sexaginta 13, 17. 11311611 9, 76. signabit 3. 11.
sextarius 6, 417. signatam 14131. 1111110119 )
sextus 6,191. sextam 11, 166. signum5, 165, 8, 11.
ΜΜΜΛ,Μ. ΜΜΜΜΜ81Μ
sexus6,135.341;11,l69. sexum 157. signis8,103; 14397 1171.
6,648. 111111, 48, 1153. silet6, 338. silent‚7 1691111111
111)..115874.791191;’1,,..61628 3394.
43. 69. 76. 1131611). 157. 158. 167, 1111611113, 271, 6,359.
3,19.43.191. 103. 103 1971611). siliginis 6, 473. siligine 5, 79.
198112.117.148.149.159.154. siliquas 11, 58.
171. 173. 299. 313. 333. 339. 357. silva3, 16, 9, 13. sili-anmi, 135,
1ΜΜΜΜΜΜΜΜ 1ΜΜωΜΜ 1
QMwsmwmmm3QQQ. ¹
116.136.133.138.159.164.171; siluro 14, 132. silurus 4, 33.
6, 33. 41. 43. 49. 95. 98. 143 168. simiu8, 314, 19, 195, 13, 156.
ΜΜΜΜΜΜΜωΜΜΜΜΜΜΜ
378. 331. 333 379. 415. 479475. 11, 194. (som.) 6, 653; 13, 19.
487. 495. 594. 536. 569. 561. 578. 19, 15, 169. similem 3,6· 9
583. 598. 614. 619. 643. 653. 669, 271, 14 51 simili13, 135 similes ῖ
7, 8. 13. 33. 39. 59. 69. 199. 113. (noni.) 15,131. 11116.) 3, 33ι3 .
1119111149.171.194.197.198. 177. simillimus 8, 53. simillima
238, 8, 9. 19. 11. 14 (611) 16. 36. 6,165. ,
63. 89 110. 111. 1171611). 138. simp.lsx(nom masc) 1, 93, 6311.
131. 135. 1361611). 144. 183. 311. (1161. nescir.) 6, 334. siniplisibm
348; 9, 33. 99 (611) 136, 16, 36. 3191.
68. 74. 75. 133. 143. 394. 319346. simplicitas 1,153; 3,18; 6,196;
363. 380. 349. 343. 346. 365, 11, 13, 35.
12. 15. 58. 85.119.119.186.196. simpuvium, 6 343.
mmmmmmwnmffi ΜΜΜΜΜΜ,Μ. Qu
13, 55 (6111). 69. 61. 64. 73. 76. 84. 194.
97. 101.126.135.1³6.144.150. simulst6‚.37l simulsnt3,.3 simu·
179. 319. 317. 239, 14, 4. 71. 113. 1116111116, 314.
145. 154. 159. 199. 339. 331. 349. simultas 15, 33.
353. 358. 399. 315. 335. 337 (bt's); sinciput 13, 85.
ΜΜΜΜΜ11ΜΜ ΜΜΜΜΜΜΜΜΜΜΜ
Μ1Μ1ΜΜΜΜΜΜ;1Μ1ΜΜΜΜ,Μ.
4,93. 111,5, 179,6,213.129(61’1). sinistri 6, 356. sinistno3, sun
1ΜΜΜΜΜΜΜ11ΜΜ,1.ΜΜΜΜ
ιΜΜΜΜΜΜΜΜΜΜΜΜΜ
196. 191· 14, 31. 93.311;15, sinus 91601.) 1, 88, 7, 113; 933
34. (9111.) 12, 81. sinn 6, 697. sinus
11111115, 191. 1111116115, 47. sissen- 1, 159, 4,41.
tur 162711111111611111 3, 33. sipario 8, 186.
sioesmm 11, 75. 1111111013, 44. siphonibus6,319.
sissus7,119. siscumi, 45. sisci siquidsm6631;13,167.
ΜΜΜΜΜΜΉΜΜΜΜΜΜΜΜΜΜ
6,148. 11001 19, 113, 15,133. 14 47 59 siqua (ast. ,1.1111)7,.11
ΜΜΜΜΜ ΜΜΜΜ.
11101111,79,6,65,197,7,194,19,11116111111116,416.1161111131·
99,15,98. 11,45. 1111111169.
sidus 6, 56937, 366. sidere 12, 193 sitis 19, 149· 14, 318.
Μ1ΜΜΜΜΜ11ΜΜΜΜΜΜΗΜ

 

