88*

fffflffssffissffffi6
mmmmmnmffi
38. 68. tempora 11144412 38, 3,
124, 6,,571Ρ11,118,12,6,2 14,
1511441481, 10,254, 14,
130141411411541 4, 88, 6, 645,
16, 15, 13, 29.

tempora (capitis) 8,145.

tenax 8, 25.

tendit 10, 154. tende 6, 52. ten·
11141 6, 426. tensum 7,117. tenso

tenebrae 12,18. tenebras 3, 225.

tenso tenet 2, 99, 5, 31. 39, 6, 383.
454, 7, 50. 51, 10, 41. 154, 16, 51.
tenent 6, 70. teneam 5, 58, 13,
94. teneat 1, 23. 31. 1444111113,
89, 14, 63. tenebat 1, 61, 6, 658.
tenebit 14, 237. tenentur 3, 306.
144411 6, 410, 15,158.

tener l, 22, 5, 70, 6, 383. 1444144
2, 86. tenerum 6, 548, 8,16, 9,
46 14114111,12,39;14,215. 1444144

1441131446129.

1144411137. 144417, 86. tenuem
7,207.144449,31,10,269 tenui
11444413, 193,1, 110 132, 6, 659,
7,48.145.1141413,97,’;·6259’
9,138.11141111·)2,55,6,541,15,
21. 1444443, 163. 1444141444
111244418,120,15,10111”441.13,

tenus 6, 446.

tepenti 10, 149.

141 6, 523. 661, 11, 86.

terdecies 14, 28.

1413441 14, 62. tergens 13, 44.

141341, 6. 14 1444.) 4,128, 11,
82,13,16,1,75.

141119,1. 1111114 13,10. 111148,
66. tritas 6, 553.

1411415,70.1411441941417,103,
14,.7 1..14118257 14114412130,
4,10, 6,429, 7,207,11,161,15,
9214714111 14, 222, 15,122.
139. 1411111586. 141144 4, 83,
6, 411, 13, 226. terris 2, 25, 6, 2.
165, 8, 37, 10, 1. 279, 13, 126.

1411441111285.

terribiles 11, 125.

1411414 10, 357.

14161142,40,13,73.1411141114111.
411191 169, 517 (1141141141)
3,199. 1444114 226

RegIster.

tessellae 11132.
tessera 7,174.
testa 3, 270, 4,131. testae 1911
mumumamffin
mmmmmmu
1411444414146,549. testamento 11.
121. testamenta 1, 37.
1411ἒῇ6, 339, 12, 36. 1411141141
11, 157.
test'is 6, ’2220 8,;80 9, 77, 14, 218
141115,.5 14114412, 76, 3,137;
13, 198, 16 29 32 1441461216.
311,10,79,15,26.141141’11414
wb.'wmw5.
144ἳίὼὲ 1411ἑ44141 12, 27. testandi 6,
,u
testudineo 6, 80.
1411411ἑ111,94. testudine 6, 381
uu
mma
textoris 9, 30.
theatrum 11, 4. theatri 10, 128. 213.
11144114 3,173, 6, 68. 1114411414356.
thermae 11, 4. thermarum 8,161.
thermas 7, 233.
1114141145, 143.
111914441170, 7,.69
114116, 516, 10, 267.
61146,311,
tibicen 1111141443, 63. 193, 15, 49.
1111141442, 90.
1131114, 7 46.
11344418, 246.
43ἓ418ὲέ11, 15, 163. 4311646270,
timeo 10, 84. 11111411, 35, 3,1,90
15,119. 1114414111 1114. 1114441
6, 95. timeam 1,103. timeant
310. 11414416, 51. 1111141326.
1111141416,17,11,92. 1114411115.
172;10,20.11141’1113,190.111114Ι
111113, 227. 1114441148,57.1141411’
3,.113 1141441414,153.111444141
11411144 6, 633. timidum 6, 524.
timor 1, 85.
tinet 7, 26.
111194 11441414 2, 93.
tintinnabula 6, 441.
11144441 16,.3
tirunculus 11,143,
titubantibus 15, 48.
tituli 8,141,10,143. tiulunfi.
.,34 6,123.1ἰ14146,230,11,86.
titulis 9, 69. 6141441130, 11
291. 6141141110.

 

