Worterverzeiohnioo.

nocet 10,324, 14, 153. 0000114,
154,13,211. 000000 6, 620,
13, 3. 0000011500 13, 234. 00-

61*

181,15,149. 000 1, 112. 159,
3,15.159,5,168,11,114; 14,
31, 15, 1011142149, 16,.5 iobii

00111006,,641 13,101’. 00011010 1,’101;2,;61 9,1,15 14, 40.

1001101.
0001110008,144.0001010003,12.
οοο1010006,118.000101008,’233.
0011000108, 241.
0011005135001100850
0010 8, 215. 001001 10, 96. 00110
5, 54. 00111 5, 24. 110111,126,

00100000156 noviti, 77, 6,4,02
11, 143. novimus 2, 52. 1100011101
6,331. 00111013, 46. 00001111,
231. 0001000515. 000001,151,

ῗῗ,135ἐ9. 00001014, 136. noscendi

000101 11, 143, 13, 244. 0001103,

6,318 00100111,5123 0010010111 84· 6, 254· 11125, 11, 203,

3113. 001101 6, 254, 13, 187.
001016, 213. noluerim 8, 15.

0010008, 36. 001010106, 385, 8,
241, 13, 248. 0010001153, 5,
46, ',79'.110 234, 8,213, 11, 22,
12,·12, 1330. 1101111001, 98, 8,
31. nomina (nom.) 8132155.
(ace.)5, 121, 6,,604 111, 219. 234.

non 1, 30. 51. 52. 93. 1.31 153154,
2, 8. 25. 36. 41. 49. 66. 10, 15. 88.
141. 163. 168, 3, 6. 3848. 54. 60.
64. 19. 81. 96. 104. 1101611). 111.
119. 151. 155. 204. 281. 303. 309,
4, 23. 34. 5011. 101. 123, 5, 39.
5169131, 6, 35. 41. 51. 64. 119.
143. 152. 182. 184. 185193196.
201, 218. 242. 243. 241. 282. 345.
362. 365. 368. 395 (hia). 448. 451.
451. 486. 535. 540. 516. 614. 611.
619. 646. 651. 656, 1, 14. 53. 65.
12. 14. 90. 138, 211. 220. 222. 225.
229. 240, 8, 43. 68. 98103125.
118. 184. 213. 221, 9, 6. 8. 24. 66.
88. 99. 122129, 10, 6. 34, 40. 51.
110. 1481641511). 168. 183. 203.
263. 304. 320. 338, 11, 1. 44. 50.
54. 51. 134, 141 (bio). 152. 111.
185. 206, 12, 50. 18. 102. 120, 13,
12. 15. 29. 55. 60. 97. 122150.
113. 184. 204. 225. 234. 235, 14,
14. 25. 2851. 68. 103. 106. 130.
140. 141. 145. 112. 185. 262. 284.
298 309, 15, 4684169. 112114,
16, 28. 40. 53.

nondum 1, 114, 2,152, 5,1, 6,15.
16, 13, 49, 14, 11. 215. 249. 321,
1011.

000001, 63, 2, 34, 3, 249, 6, 34.

000 0151510), 2, 51, 3,.193, 6,
638, 1, 48. 124, 8,163, 0, 5, 10,
350. 365. 366, 13, 31. 142, 14,
315. 316, 15, 21, 29. 0001113318.
nobis 2, 121, 3, 92. 126. 243, 6,
141, 8,11, 10, 348, 11,131, 14,

000001115,94.100111(01000)1,

86,11,11;15,133.1110111118,

44. 0001011229, 14,112. 00-
0110011289. 000110 2,48. 000115
6, 25, 11, 111. 000110 4,115,
11, 103, 13, 92. 110, 15, 3168.
0001101, 111, 11, 119. nostrorum
3,145. 0001110 (maso.) 1,141, 3,·
58, 6, 188, 12, 108, 15, 153.

(fem) 10, 348. nost-ros 16, 213.

0001100 9, 94, 15,110. 000110
14183991. 000111100οη)9 131.
000111013111, 14,323.

0010011106, 314.

001019, 142. 00101000 16, 35. 001001
15,45.

notus noto. 1, 7; 10, 341, 14248.
001001 2, 58, 3,114, 10, 353.
00100 6, 301. 0010 1,123. 0011
1, 3. 00100 3, 35. notu 6, 314.
00100 11,153. 001101 9, 25. no·
tissimus 6, 42156. notissima
(nom oin 9.) 2,10 (nom. plur.)

1100111111, 140.

novercae 6, 403, 1, 234.

novercali 12, 71.

novicius 3, 265.

00000 8, 231. nova 1,32. 145, 2,
120, 3, 26. 000010 10, 250. 0000
6,11. 0000 11, 85. 00001001,
189. 00000 14,95. 00010 2,102.
0001οε10100 11, 42. 0001001100 6,

nox 000110 3, 268, 1, 222. 0001001
3, 219, 5, 54. 00010 2,161, 3105.
121. 198. 215, 6, 204. 419. 420. ,
415. 531, 1, 61, 8,149, 9,16,
10, 20. 206. 235, 11,112.181,13,
198211, 14, 146190. 296, 15,
43. 00010 6, 35. 605, 14, 306.
000100 4,131. noctibus 1, 38, 6,
302, 309.

00600113, 161, 0011012, 19. nubes

 

