Worterverzeiehnias.

gith, 973 8,.165 turpissimus
1111111116 166 turrem 12116 turre
6,291. turribus 15,158.

411111110639
1111111109,131.111101296,13,

tutela 14, 112.

111101 8, 79; 16, 92.

tutus 4, 933 11,146. 111119,139.
1111111113,169. 11161181. tutae
3,.306 1111015, 91, 15, 154.

11111113, 61, 6,4;95 16 318 111115,
141,6, 199 215.5,66 8,55,9,,12·
16, 318, 13, 35. 221,14, 248. tui
5, 15, 1191, 19,319. 11103, 319.
111111(111.11111.,)6 1241111, 13,
81. 11111111.14,163. tuo (,1151
mato.) 13,116. 11111111.) 4,124;
6,61, 14 265 1110101118,22.14.

214,14 59 101111111122. 111011
2,128.11114,.68135; 868 9
55u5amnmm85
11101111.,15128, 8,231.
111ἔ111ω711111ε1110111.16,515. 11111.1,·364
1111111618223
mm53,wt.mmmssa

tyranno 16, 162. tyranni 10, 113.
tyrannia 8, 261. tyrann017,151.

IJ. 1.

vacat 1, 21, 5, 8. mantem 8, 118.
vacuus 16, 22. vanui 1901111010.)
15,199. 11111111.115,23. vacuam
1,124,6,122.110111111114,51.
11011010611111111.) 1111. 11111111.)

6,63.1101113,96.1101111111111111
1,136. 11111113, 2, 8,9,6 19, 162.

11111111οῶ113, 213. 298.

vado 11111181 168 1161111265
1111112131.

1111111112,151.

{⁸937 51

101,6 1110, 8,111, 16 238 16,4.
vale11119, 145. 1110116, 611, 13,
126.111011111561.11103,’Ῐ318
valentius 12, 63.

1111111111,5.
vallem3,17. 111102, 133. vallibus

va4l⁷o⁷15, 120. vallum 16, 16.
11111114,63. 1111111998.

91*

11111118,15.1011101,263.11110
3, 159. vani 6, 638. vana 13,
137. 16, 41 1111111015 14, 211.

111111103289.

1111100111 6, 397.

01111111 varia 13, 236. 11115 3, 264.

vas 7, 119. vasa 11101111 3, 211.
ψᾋ111115οΑ6
4, .

11001111111111111 9 141. (aec.) 16,19.

11101 1319911111 11,114,13,
19.111.16,584,1,.93 10101111,
53.111111111,89.111151111,18.
1110116436.

111111 1111111169, 12, 8.

06011501151116, 213. 1111011011, 87.

ubi 1111101109 ,12, 31, 3, 296, ‘1,155.
(relat.) 3,12.25.119.191.262.
289, 4, 66, 6, 159. 346, 16, 194,
12, ’,,81 13, 113, 15, 5. (10111111

ubinum 110 4 55.

1151111101, 11, 3, 363, 8, 164. 238.

udi 15 68, 9, 4. 1160 8, 242. udis
mn.

101,163, 3, 291, 4,141; 5, 128, 6,
lmfflwfflssmmnmffi

vector 10010101 4, 6. 10011116, 577.

vector vectoris 12, 63.

vehemens 9, 11; 11, 31, 13, 196.

vehunt 3, 256. vexit 3, 65. veheris
5, 55. vehitur 4, 21, 6, 351. 10-
11111111,158. vehetur 3, 239.

8111111101111.
126. 133. 1381111111. 156. 241. 286,
anmmmwffimffi
mmwnmnfflffimm
nmmmaaeflmwn
18. 29, 12, 45. 111. 128, 13, 25.
21. 65. 94. 113. 11515111. 125. 149.
ῃωωηωωῃψψη
66139112.

1011111013118.

10111114122.

velifioatu's 16, 174.

vellendas 11,157.

vellus 124. 10110106, 289. vellera

velo' velas 8,145. velare 6, 391.
1011111111 14, 366. velari 6, 346.

101011111111118, 181, 9, 126. 11111111.)
3131010011 13, 98. velocius

11111111 1010 12, 69. vela 1111111119,
Μῶ1ωη106ωνὼ
1,149,12,22.

 

