11*

bsuillo 3,18.

6111116116.

ballaena 16,11.

balnea (cont.) 7‚178. (ccc.) 1,145;
wumfflmmumffi
balneolum 7,.4

balo 6111111111 13, 133,

balteus 6,156, 16,48. 6111119,
611611, 15, 16, 116, 6116116, 367.
6116111 3,166, 6,116, 16, 4;53
14, 416. 6116181166, 6,,1 16 31
6116111116, 158, 1111138181 bar·
61113, 66, 15, 16.

barbato (111111 16;3 1356111611
6,16. 6116111111,11.
6111111111 11,16.

611111,118,6,,381

bestil4, 116. 6111111, 39. bustum
1,.67 611156, 161. 6111111 16
bellatur 13, 168. bellatore 7, 117.
bellatorums, 16.

bellum 61161163, 11, 116. bello
8,166. belluni, 163. bellorum
1,156·16,1331811171 15,
66. 6611111111, bell'is5’,3.1
bslus4, 111. 117, 7, 77, 16, 158,
11, 116, 14, 1611
611113,167,6,,166 7,117, 161, 8,
187,16, 71.
bmfflmws.ummwau12
hemlion, 38.

bst314,409.
mumuumuuumnu
bibimus 9, 118. 61611 11, 163,
61615, 136 61616116, 118, bibe·
61116, 36, bibet5, 33, biberat
11,17. 6166116361. bibuntur
,1ῗέ15. bibendum6, 567. biben-

1 58.

bidem bidentis 3,118,

n 111

b' bres 6, 374.

336 bilem 6, 159, 6,133, 11, 187,
11.1Η111

bimembri 13, 64

6111111163,

bipennein 6, 657,

bipes bifedem, 9, 94.

6115,61·6,137,13,71,11,

bluusis 15, 48.

blandius 3,116.

neuster.

cmmmmnummubmm
9, 36. 6111611118.

61111181 5, 117, 6, 611. boletum

bombycinus 6, 466. 1

bonum 13186. 61116186. bons
(notu) 16,137. (ccc.) 1. 6656
5,111μ11111111

bonus 5, 166, 6, 111, 8, 76 611,
11, 2043 15‚146. 6on4e 6,311.
6ο111111,86.6111131661111
,1143128166 61111113. bonus

6111115, 43. ,

bos 4, 113, 16, 168, bovis 13, 155. .
bovem 16, 66. bove 11156.
boves 14, 116. boum 8,161.
mmnnn 1

brucus 4,169.

bracatorum 8, 434.

611116111111116, 441. 11111111,
11μ11η11μ11.

bratteolam 13, 151.

6111113, 116, 611113, 186, 81651
brevem 13, 117, b’revs 6, 561.
breves 6, 489. brevibus 1,73
1nnm3mnm mmmm
146. brevior 117111.) 1,15, 5,3;
6,565,11,113,611111111116,117. ,

6111111 3,16,1 6,153. 6111111 1
11, 173. 61111119, 67.

bubulci 11,151. bubulco 7,116.

611116, 516. 611153, 161, 16165.
6111111336, 11, 31.

buccula 10,134.

bucina 7, 71, 11, 154.

bulbi 7,116.

nmmum

6116111116.

bustum busta 3, 31

110111

6,

11611113,,118 1161111ωω11,516
caballis 16, 66.

cachinni 16, 31. cachinno 31166
mn

cacoethest,
111111131166111111111117-
11611113, 31, 16, 87. 11311111
10, 188, 15, 83. chamum:
16, 186· 15, 60.

1111166141 csdunt7143.
cudat 111113, 13216. 113111
3,,171 1116111111 16166 adem

 

