32*

depastum 4, 51.
'deponie,1, 112. deponit 3,186.
1{ponunt, l, 133. deposuit 11,
depositum 11111111 13,178.
1111.113,”1”6.60.201.

1111111119, 18. 19. deprendere 4,
112,7,11’2.111111111193 de-

dprpnspp, 26340. 1111111116, 285.
en ea

deripe dorent 4 89.

derisor6, 534.

1111111117, 173. descendunt 10,
58113. descendat 1461. de·
11111111 11, 161. descendere6,
622, 16, 282’, 11, 266, descendet
6,522.111’1111111 11, 27. de·
edendimus 3,17.

desero desertis 7, 6

desidie 4, 44.

desiderio 6,112.

decidere desiderat 8, 78, 11,153.

desino 11111118,161

desipis 6, 612,

desperatio 6, 367.

deep ero despieranda6, 231.

despicit, 11, 131. despicias 8,112.

1·1 9, 99. 1111111111159, 5,
82. despiciam 111111 11, 21.

1131111111, 15, 10,331.’111111111

111111116333111113120.1111111
3,3.’11 11111172. desset 7,
6.umemefflemffl
130,16,18.11111111,128, 7,75.

1111511627

-111111112,22,9,122,10,323.11-
.1111111111111’.1 11, 56. 11111 3, 7.
(m6w;u.5

detero deteret 3, 21.

detestabile 1111111.) 2,18. 1111113,
mmmn

devehat 1,10, devectum 7,121.

deverticulo 15, 72.

devexae 1.118,

1111111175.

(1111111 11111111111,10.

11111119, 72.

11(115,132,8,111,13,16,15,71.
dei 11, 161. 11’6, 531, 7, 207,
10, 8. 319. 1101111113, 21,8 7, 67,
10, 55. 181, 13,46. 190. 231. 219·
15,103 deum6.,512 1111122
(1111, 71, 5, 132, 82511101
3,116, 13, 91, 1’5, 38. 11118,
216,1’,2 111. 'dis 1,19, 3, 116,
rmw'nAEQQ’mi

Register.

dextera 6, 560. dextra 4, 120. dex·
1111318. dextram 3, 28, 5, 71.
dextro 10, 5. dextri 6, 65S; 6.
ewmmummssffl
dietpeme 8, 259, 13,196. diademate
μω
dicis 14, 235,. dicit 7, 62, 11321.
dicunt 13, 137. dicam 9, 68. dices
mwaffimffipmmt
6ummwemfflm
235, 10, 216. 1111111228. die
3, 295, 6, 29. 219. 280. 281, 393
16111, 7, 106, 8, 56, 9, 51, 10, 338,
1ῳ1161116μ
265. dioerei, 153, 3291, 1, 50,
5,,131 8,275’· 10, 161, 11196
1316111261501630 11·,
cens 16, 11.111111111’15,131.(
1111111167, 117. 11116111, 113, ¹
11,3(;(1,18(1, (6111111116
111171.1111111,255.111116;
116105, 8,163, 13, 184. dic-¹
11111111,11,’1,116, 7,’116. dixit
1,65,119,”1,1’21,6,211.1111111111 ,
15,113,’11111113’,103 dixerit
8,30. dixissed. 36. 11111111 tu
121. dixerit 7 sut exact61. 161:
6,,551 16,29.(1ἰο111111φ1.11.56;
11,11.’ 111111116178611 dici
6,101. 1111111116, 473. dicendi
6,,119 10,.9 1111151598. dic
111111 111111111111111 2119111.
1111111371 1111111111.11,.151
1161.,.1825
dictatoris 11, 87. dictatore 88.
(6111111159. 1111118111. dictate
6,215.11111111111,29.111(11111111
6,218. 1111111115,122,6,391.
1111111116,153.11’1111111’10,231;
11111,127,1,61,9,11;10161
13,2’3.1’111111,’1,’,6183,ἵ.11ῐ
9, ’1,08 11,185,15,’1.11111.
165, 6115, 1,61. 161, 10 2111
12,’,1’13,198.’1111111’113,111;
11313, 1111111111,83.111111,
166. 11161116516111106.
differt 3,213.’1161π1’11,130.
distulit’ 10, 219. dilata 13, 221.
1116111183,
difficile 1. 30, 11,17.11111111113.
11611111113,227,1111111111115,11.
,116111111159
'ewm,6. 3μ6;1.
18, 6,157, 9,,133 11, 13121·

 

