36* 184ςί4441.

emolumenta(nom.,.)322 1114411635. e' 13141. 4141111113 161131
666666 66666666
663731146633669’ 5⁰ ῧὲ89 4144416, 501. 41441144.
en

43614141641113,1’03. 41161οωί644 6, 1111111418, 96 411 Ι41113, 238. 411-
4111266148891 2,8,65; 3,15, 132. 81441910 m ⁶161 mmm
208; 4, 41. 46. 101; 5, 88.163; 6, errat 6,101.
119.196.300.530.568; 1, 2. 59. 4114114164. 4114141116165. 4114·
123134158194. 199· 8,30, 73. .
202. 221, 2583 922. 84. 110. 126;
10,4.141302. 321; 11, 2. 3038·
12,115; 13 98 202 234 14 38.
13, 109. 121. 2241 15, 26. 91. 101.

14413188. erroribus 14,15.
erubuit 10, 326.
erucis 9,134.
4444114 12, 46.
4411111181.44111141141114141311;

00 16w66.666.
0646 3Μ433333ω1,
mmmmw 5mmmmmw.6.
411 4443, 214. 4416, 521. 441119, 18. 84, 87. 93. 91. 109120121.

10616, 306; 10,166310;12, 1241311531143.145,151.161;
2,1...3111.14.16.20..253331,
45. 50. 67. 68. 13. 11. 19. 8015.
81. 96106101111. 112. 124115 .
16.6.6m6.66.6
155.154.111.163; 3,...149131
11. 26. 21. 30. 33. 34. 363 3142.
33Μ33334311
83. 88. 96. 91. 10411412613,
136. 148. 149. 154. 1551611111.
181. 189. 195. 201. 208. 210. 215,
216. 211. 219. 221. 228, 233111.
240. 248. 253. 258. 262 11111111,
210. 212. 213. 284, 285. 281. 291.
294, 300. 311. 315. 316. 318; 41.
811. 14. 23, 30. 38. 44. 616151.
84 85. 41.91.1(14.144.111.1111
11612112215111124129143.
144. 146. 152, 5815 20113.
38. 48, 54.65,141....111981911.
112. 116111.121124126111.
131.140,141.149.154.161,111,
169113 64153161018 511.
6.66w66666.
59. 65. 68. 10. 19. 83. 84. 85. 83-
95.106.109.120.122.128.110
144. 146. 141. 148. 1491561111.
156. 160. 169. 111. 112192191.
199. 202. 205. 210. 2112262111.
228. 238. 246. 25615111. 282254.
211, 283. 289. 291. 291. 299. 301-
305, 308. 315. 326. 333. 335141.

51. 1142189 66¹6, 12 83 114
3,.25128; 81361 9’,Ξ21 14,122.
euntem 12 410. 1141414311,
88. 1141 12, 14. 111113, 785 6,
521516.14446,409.11611,’189
4,65. 4411631113, 316.

ephebum 10, 306 41111411142,164.

ἐφέλκεται 9, 31.

ephemeridas 6, 574.

4111344141, 120.

6668,6.

41114141441491 16, 71, 16, 5.
epota 10,111,

41141444, 28· 11,88. 41)111145,113.

4113141113229,

equae6, 626. equarum8, 168.
4111144 8, 238. 4111111146, 219 equi-
1441 6104441144 7, 14. 15.
4113114111 4, 32, 6, 625; 8, 8.
equites 10,95; 14, 326
4411441113154.

4114114446, 311.

equus 44114 11, 103. 4114111118, 58.
41111441, 20, 1,61,

41411416, 526.

erga 6, 389.

ergastdlg 1(31141.) 14, 24. (acc.) 6,
1513 , 0.

ergo l, 3. 15,109.158.168; 2,15.
131; 3, 104. 216. 281. 318; 4, 55.
13. 99; 5,15,91, 158; 6116224.

313133443343
33443313ηῌ1
666,mm.6.6
mmmwmuwm
6.6.6.6.6;6‚6

11 134, 111; 16, 22. 54.

344. 348. 354. 356. 364. 361361.
315, 388. 392. 399. 404. 405. 414-
419. 429, 432. 436. 44645361.
464. 461. 413. 418. 483. 484. 411.
496, 501. 511, 512, 516, 511. 519.
520, 521. 523. 531. 533. 538. 541.

 

