96*

14,199.246. trepidam 3,139
Ι,(16160, 1, 36. 11111612, 64. 111-

10119296.

11112, 28, 6‚;144 14,169.11111111
1,1’58,11115,141;11,9;1 12, 95.
11115121.

1111111111(1ιω11)19,35. (1111.,)8121.

1116111111, 228. tnbuno (46411 191,
2,165. (abl.) 11, 7. tribuni 1,
199, 3,.132 111111111οεῖ,.92 111·
1111111113, 313,

tribuo 1111111111 19, 391, 11161119, 39.
1111111153188.

111111111118, 293· 13, 81.

111111111113,261.

1118111111 1214.

· 111111111111.

triplicem9, 4.

11111111119,135.

1611111111,11111.

1111111(111111.,)3 51, 9, 1, 19, 136,
11,153. 111111)1,145;2,62, 6,
128. 11111191111116, 569, 14, 416.
(11111349. 1111111(111111.,11111.)
6,.69 4440.,.412 1111116112,,9

5111111155

1111106412.

tri11mphulem9,144.triumphales1,

triumphi4, 175. triumpho 11,194.

trium hum7, 291. triumphos6,

169, 6161.

tro 1416133.

3,198.

11611108, 53 111111121911111110
1311811111111119133

1111111116, 431.

1111111111 15125.

111 1, 59, 142, 2, 6166. 153, 3, 134,
299. 289, 4, 23, 5, 12. 46. 59. 14.
138. 153. 161, 6, 112. 192258.
215, 216, 282. 312. 377. 641. 642,
1, 99. 91. 115, 8, 26. 38. 52. 112.
131. 228. 269, 9, 46. 59, 77. 134,
19, 337. 342, 11, 32, 13, 13. 112.
125. 141. 192. 243, 14,48. 73. 767.
111. 1111 1,11; 3, 51. 54. 135.
186. 199, 5, 5. 39. 52, 84. 81. 113.
111. 111. 131. 138. 161; 6,1(61).
32. 49. 69. 89161. 118. 299. 296.
218, 231. 216. 218. 448. 495. 691.
655, 7, 9. 36. 94. 111. 141, 8, 96.
115. 121. 134. 269, 9, 3. 14. 33. 11.
83. 93. 139, 19, 363, 11, 33. 37.
51. 11. 1111, 184. ¹873 11, 93; 13,

111ςί1111.

1. 15. 159, 118, 14, 4951. 56. 141.
158191. 199. 246 319. teme.
1,31,2,,2138.12,,.83;352.183
185. 291. 296. 392. 318, 6164.
62. 12. 162· 6, 161. 396, 6112.
147. 195, 8, 42. 68, 74. 81. 131.
136. 138. 142. 211, 9, 35. 46. 56.
81. 94. 112, 19, 5. 125, 365, 11.
38, 13, 8. 191. 128. 149. 161. 211:
14, 291. 211. 226. 315. 322, 1586,
16, 8. 11 (1161.) 1,168, 2, 22, 3.
215. 216. 293, 5, 119, 6, 34. 35.
566, 8, 23. 39, 9,11, 11, 33, 14.
232. 238.

tuba 15, 51. tuba 6, 250; 11, 151.
tubarum 19, 214. tubu1,164;
6, 442.

tubera (111111) 5,116. (1111.) 5,119;
14, 7.

tubicen 11,·111.

tuetur 3, 291, 14, 392. tueri 13.
291. 1111116118169.

tum 3, 214, 4, 65. 18, 6, 3211 1.

tumes 3, 293, 8, 49. tumet 6, 464.
tumentem 19, 399.

tumidum 13, 162. 1111111114,282. ’
111111111213. tumidis 16,11.

tumultu 6, 429, 13,136.

tuno 2, 39. 148, 3, 21. 214, 4, 28,
5, 111, 6, 11. 66. 991611). 122, 2311.
219 (61.1)2.16 317. 321. 342. 6911

13416111961511). 111. 211· 8.

1119, 9118 19, 26. 47. 89261. ,
328,11,199.119,12,53.19,13, ι

49191, 14, 21, 16, 43.
1111111118291. 1111111111,93,14.
153. 11111111 8, 235, 19,38; 13.
122. 1111111113,119.254. tunicis
14, 281, 1111111116446. 411. 521.
1111111112143.
11111114,62;5,,21 6,4;39 19,13;
13, 46, 15 46 91 11116111 1111)
15,61.(11111.11,96.11111)111114,
161.11111113,239,6,196,1,131.
turbat 13, 412' 11151111168, 14.
turget 14139.

turgidusi, 143. turgida7, 141.
16111111111Ἶ1211,6,,13111,116.

11111413, 6,188, 11,111 tur·
6182421. 1111116ῗὲ268, 66¹7 3995
1,,5 14,48.1111ρ16,299.

1, 1811111118182. mrpiu
14 41 turpia7,9; 1,.239 tur·

 

