34* Register.

157. 158. 359. 363. 512, 10, 119· 282. domo 13 366 0111111116. ’1.
12,73.79;15,133.0’101111’1111,0111151116,607,8,233.οο0111
16’, 8, 70, 9,96. 0101111259, 6, 3. 335. ’312,’10,7, 15, 15.
6581’,7 ,’110. dederat 10, 283. 0511151113, 303, 9,’80.’
0110111111 150. dederit 10 ,319, 0111116122, 6,181; 16162, 13,
11,11.11111’5,.1111.1’1; 1, 151.
201, 16, 13. 52. detur 6, 053. 3111111113,113;1,111. 0111111
01111116 571, 8,211 01176150. 2, 61. dones 6,191. donet 3,
0151111016163. 0111111112’,157. 215, 7, 75, 11, 235. 01111625,
dabitur 7,’121,10,310,1’2,1. 11,181. donare 3, 3, 9,49.59;
010011111110, 335, 1’1, 159. 0111 10, 31. 0011111116133. donabis
16213. 011111111131. 01111110, 6, 212. donavit 1, 53, 1686.
118. 0511111111 6, 519, 7, 236. 0111- 1
0111117, 150, 11, 237, docet 6, 232. bitur 4, 55. donandi 5, 111. dc»
111; 1,111; 11,111; 11,11, 115. nanda 6, 203.
doceat 7, 176. docentis 7,158. donum dona 16119, 16, 57.
docuit 16111. doctus 15151. dormis 2, 37, dormit 2, 60, 6, 31.
0111116115. docti 7, 215. docte 329. 0111111116376. dormire 1.
· 1111. 1611111111, 1, 111; 111. .
1111111111. dormiret 1,]1. dormiet 3, 211.
01111111 11, 137. dormisset 6, 89. 0111111116235,
οο 11113, 121. 6269.
οο 21118, 218. 0111ο 12,109.
0111116102, 11,190. 0111116157. 0110111012117, 01116139169,
011111(111111.)’11’,308. (111.)6,’131, 11,221
9,58. 011011116136. 0111111611. 01·
110110111111. 01111113191, 9,110.’011511111
011ο110315,11,52,13,12. doloris 1, 103. ’01101511 ’16 89. dubitet
9‚9.6 dolori 16, 315. dolorem 8,213, 1397153 ’011οἰ116306
11111111.10111511’11,11.11111111111
3111111111111. 200.0111111111’11111,50.
domestica (nom. 3619,1911 (nom. dubius 14,136. dubium 1682
101.,11132. (111)1035 1561. 000110111181.01101111117’1110
010ιί111111 (9111.) 6,123. 530, 9, 78. dubii 7, 1’,16 8, 263. 01111013,
011111111630. οο11111103,’ 33, 121. 0111111115,2’2.0110116,375
0, 376 377.οο111111116,323.’ 11,111.
0110111111 6137, 7,179, 11,115. 0111151116139.
111. 1151111 1, 11, 1, 11, ’1 ,11, 11111,11.111111,11; 1, 111
61332137, 10, 269, 11,’ 63. 14, 188. ducimus ’7, 13, 12,5,
domino 5, 71. 81117. dominum 13’20. 0111111118,66,126511’
2, 12, 3, 231, 1, 52, 6, 117,8 36’ 01111111, 22, 7,2’37, 13151
161, 9,16, 1688. domini 14, 01111665. ’0110110123 011111
169. 0111111161, 6, 65, 9,111. 6, 583.’ duxit 1111311111
0111111117,61,11,12.17. 15, 25. 0111111111’, 146: 612,
domo domat 6, 335. domiti 8, 51. 10,66.01111111112’,112.0’11111’1’
domitum 7, 77. domito 11,89. 6125. 011111101620101111101
0111111116109. 10, 210. duetus ’,13 10 dum
domus (nom.) 1,7, 3, 10187. 212. 13, 216. ducti 1635101101
111.111; 5,11;1,111;1,11.111; 15’ 11.
1,111; 11,111; 11,11.111; 11, dudum 3 123 111; 11, 333.
111; 11, 111. 11111111, 111. duelli 1, ’111
228186, 10, 344. 312, 13, 130, 0010101017, 39. 84.
11, 259. dudd 1,111;’,11’1; 3, 0111116185. 0101111163801111
165, 6,1.52 357. 465, 16, ’,65 ’11, 9,.88 01111115, 139, 121.
117, 1’2, 10. 119, 13, ’.57 ’0111111111 011011, 60, 6102613111 27, 655
1,10,1’,1 131, 1’2,87,11,63.118. 83. 31. 1’00’101. 113, 6, 170123,

 

