66* 1155515155.

55155551512,89, 3,1;59 19, 364. pavoneml, 143.
5515513, 215, 6,649. pateant 555,5553 145161, 5,,113 ⁶. “1;

31 5515551, 65. 55,15ι11 88 9,,141 11,,3 13 96 55555553
5ιι,1555551463.121.199,11,111.55555555

551556, 51. 11. 699, 1,.166 239, 8, 165. 555 5511555561,

199. 269, 9,86, 19,139, 13, ’,84 paupertas 9 152, 6, 295, 1, ⁶1.
14, 45. 99. 195. 119191. 255· 16, 55 55151156, 358. paupertatem
54. 5⁶. 551515 3, 43, 5,142, 8, 14136. 5555515159183.
211. 55151,131,1,188. 5515551 pax 55156, 292, 14, 12. 5555515
8,,144 14, 9⁶. 161. 5155 (voc) 169. 55558,19,’1 11,195
2,126, 9994, 13, 81. 5515512, 5555518,.141 55555516,1.35 555551
98, 19, 5’2. 5515554, 64. atrum 14 53 5555511551459. 55555511
14, 3⁶. 15556625, 9166. 13 298 241.

5551555165 55155556, 51, 55· pecten pectine 6, 319. 382, 9,39
15555 6, 88. 5515555 9, 55, 11, 5551116, 496. 555155514, 116. 555-
39. paternis 12 89 15515621, pen 11 159.

5511515559,139.1151511,99. 555155 13,121, 55515151156, 5
patinae ,ᾳ;,55)41, (5151.)4,133. 89, 6,93, 96. 151, 11, 28;1.1,
patiorppte 5151139143. 55111551, 198, 14, 239. 55515551555551ἵ.

219, 13 298 5511555559 65. )555.,;)6551 15119 {coe

96, 6,.’291 patere 1, 219. pati 1,.159

532511313239 5115551,55551153,.189
31,1,33.555151311155555- 55555151, 113, 9298, 19,11,11.
55514, 911. 555111, 15. 555515 46,13,34.194,14,139,

14, 161· 15,194. 55555 19181. pecus pecudem 13291.

551515 11, 161. 5 (55933, 5555 (nom)⁶⁶2 1555.,)64, 11.
pa1233 8, 144, 14, Κέω 239. (515156, 41, 5555555511, 41.
86.111,8,28;141911. triam 5555541211.

4,129, 5,,34 6,515,1,,34 8, peierat 1391 peieret 133⁶
45;19,14’2,11,52,5515153,’Ξ19 55155 (jem16210 11, 135. peio-
19, 59. 555 2, 19. peiora (riom) ⁶1⁶4:
patriciae 19,332.551515155555.8,13,28.1555.)14,51.555515559.
19⁶. patricios 1, 24. patricias 121.

4,192. peiuri 19114.

551115551515555) 14, 116. (555,)1, pelagil, 135, 1,,33 12,11. 551555
138· 1,113, 19,13, 12,59.51,12,11.55155556,99551555
14,229.11,64,14,211.

patrius 5515154, 24. 55151151, 111. 5515159551, 129.

patruo2,33. 55155151, 158, patruos 551955155111,
6,561551115 5955519192. 5511531511.

5515155 1314 55151516, 39. 5515- Pepelhiiusffl 14,181.
1553211, 55 5156431 pelves (5ο5ι) 19 64.

pauiu 192112 11, 55. 5555552, (555.) 9,,211 6,,441
531615), 6,5,9 15, 54. 555558, 5555155 14, 329,

198. 555555·5ι519143.344Ι 555· pendeo 55515511, 46. dm 11.
51519331 9555513,.169 pauca 134. 5555155115 6,1·3,,1119”.
5,1;07 199 aucis1mas013 5515515 3, 196, 6659. 555-
391.(55515,)9,99,11,145,13,155155191995551155115 555
41. 5555155155 14, 155 6,211,8,294,11,82,55555151

pavet 153 55516, 189. 488.
pavidus 11, 199. pavidum 19, 81, pmdopendere3, 15, 6,418. pem
13 222 16,3. 55515156, 95. 12 65
55595511514191Β55551)55555.)14,116.
paulatim, ⁶3; 2, 84, 6,19,13,188. 5555155555196.
paulum 1141551519 6,121, 9, 55515 5555556, 331· 9,43
114. 55511555, 95, 6,414.

 

