196111111111111111111.

mmmmmmm
511, 111. 111, 111. 6111111611.
mmffifflmfflffl
1116116111
111666611
mmmmmmmme
1nmmssMmQffi
1fflmmmwmmwe
mmmmwmm.
11111111111111
111161611
ffiuffiwmmmwe
mmmmmumnm
mmmmummm.
mmmmmmm
mmmffimmm
mmmewm.mm.
essnmffiwwwn
(w.w.fflmwfflstwu
wmufflffimmme
mmemwemw
lmmmmmmun
116161166
ffiwffifflwmwfflm
mmmmmmmm.
mfflemffimmm.
mwmwmmmm.
1wmmwmwwm

37*

2631011). 288. 211. 276. 216. 283.
286. 289. 290. 292. 297. 299. 302.
308. 318, 16, 91611). 22. 24. 29. 34.
36. 42. 41. 60. 63. 67. 59. 61. 62.
6811. 14. 79. 86. 89. 101. 106. 113.
126. 128. 131. 1401611). 141. 160.
162. 166. 161. 114, 16, 6. 11. 14.
16. 17. 22. 21. 31. 38. 464861.
1111511ἕὸ3111.) 1, 67, 6, 422, 9,108;
, .

11- 11 2146, 3,1441.2041. 301,
6,11. 671.104-106.110; 6,1011.
296. 386. 692, 1,1.33.31.73.131.
1901, 8, 93. 249, 9, 123. 132; 12,
411, 13,88. 191, 14,11.12. 1431.
ει166. 167. 266; 16, 66.

-11-11 2,146, 19, 362, 13,
ει96, 14, 237.

11- —etque 8,170. 11- nee 6, 31.

11-16111 1, 161611), 100, 2, 136.
143, 3, 92. 144. 306, 4, 34. 47. 81;
6, 26. 171, 6, 16. 46. 237. 269. 296.
332. 444. 451. 848. 662. 616. 644.
660, 7, 88. 206. 239, 8, 89111.
163, 9,1.9 21. 32 88 19 13 61.
62. 128. 183317. 320364, 11,
171; 12, 17, 29. 46· 13, 82. 84.
102121. 141. 164, 14, 4. 99. 119.

212. 228. 242. 246. 262. 266. 268.
269. 273. 271. 276. 277. 286. 284,
286. 288. 393. 310. 312. 327331, 11111112,6,9 6,91, 6,.192 572, 8,
wemestfflmmffiww 1ffi88ssfflffl388'ss‚
11,8.11. 13. 19. 23. 28. 34. 3941. 161.
111161166.Μ1ω11ωω.

71. 74. 16. 84. 87. 91 (bie). 93. 96. evado evadere 12, 35. evasit 9, 85;
96. 100. 106. 111. 113. 116. 123. 12, 18. 1111111113193. evaserit
126 (661). 126130, 138. 1391616). 12, 122.
mmmmfflfflww.mm‚ae.

169. 181. 169. 191 (bie). 197. 201, eventum 11191.

12, 7. 11. 14. 16. 20. 26. 27. 30. 46. evertentibus 12, 31. evertit 10,198.
46. 67. 69 (tis). 84. 85. 68. 71. 84. 1111111110,7.11111111113,268.
8692. 96. 99.106.108.119.113. eversa 10, 288 111111111,101.
114,117.118, 13, 6. 16. 25. 30 36. euhoe 7, 62.

41. 44. 54. 66. 67. 82. 6670. 76. eunucho 6, 378. eunuchum 12, 36.
791611). 81. 91. 96. 99. 111. 130. eunuchi 6, 366.
143148.161.166.160.166.176. 11111111,119.11111111110,180 euro
190. 191. 201. 203. 204. 267. 218. 12, 63. eume 11, 186.

219. 220. 221. 223. 226. 232. 233. ex 1, 81, 2, 36, 3, 39. 139. 166, 4,
υωωωηῃωηωω 1Μ111166ω1
19. 30. 31. 33. 36, 37. 41. 48. 61. 7, 123. 216, 9, 83, 10, 39. 63. 17,
tmwmm838Qm

171213, 15,17.103;16,66.
1111111118,111,16,.4

62. 64. 66. 73. 76. 77, 79. 81. 86.
97. 101. 106. 199116. 112. 122.
124. 146. 142. 143. 151157168.
171. 179. 180. 183. 196199201.
209. 217. 219. 226. 228. 229. 230.
232. 2112. 216. 260, 261. 266. 261.

40. 204. 261 es. 1.

exaequet 12, 130.

1111311111 1= 1113111111) 6, 29. ex·
1311111288.

examen 13, 68.

 

