73*

prospiciunt 6, 360.

prostitui 8, 226.

prosto prostat 9, 21. prostare 3, 65.
prostantis 1,11. prostitit 6, 123.

prosum prodest 2,

prosit 4, 36. profuit 1, 99, 10,

11. 111; 1, 1.

,11,151,1ἓ58, 250. protegere 11, 33,
,1011111111 1,11, 1,115, 11,
111, 11111, 11, 113, 11,11,

provehit 16, 57.

,11ονὶ11110,283.

provincio 1, 50, 1, 26, 5, 97, 8, 87.

1111111116, 321. 376. provocet 1, 24.

proximus 1. prope.

prudens 4, 13. prudentissime 3, 86.

migma 1111315, 12, 32; 11,

pminis (1111.) 1, 56. (abl.) 5, 50.

,1111111383

prurigo 1, 311. ’

prurit 1,511. prurire 11,111.

psaltria 6, 337.

,131 ἓξ 111;

publicus 10,11.312. publiea (nom.
iiqiss47' 5(iim ininisslilun) θ’ 335;

pude't 3,166.311; 5,1; 11,1, 11,
185. ,111111112,12, 11, 166. pu·
dendis (1111.) 8,139. (ablue, 183.

pudicitiae 10, 298.

pudieus 3,111; 1,113. ,11111111 6,
11. 11111111,111.

pudor 1, 110, 3, 60151, 10, 329,
11, 178. pudoris 11, 154. udori
8, 83. odorem 2, 39, 11251.
111, 11,15, 11, 31.

puellae (qen.) 3, 160, 1, 111; 6, 191,
13, 66. (666.) 1, 51, 11,111.
,1ἓ11“1,111351.1131;11;11;
61, 11,15.209. puellis 6,191,
10, 289. puellas 1, 81, 3, 65, 1,
11, 1,111, 1,111.

puellares 15,137.

puer 1,61; 5, 61, 7, 69, 0, 61, 10,
111, 11111151, 11, 13. 56; 14

puero 5,164, 10, 302, 11, 59,

3, 65, 11, 17. puerum 0, 16, 14,
11. ,11111ο1,51. 1111112152,

115 ,1,111,1,11.111;1,111,

9,11; 10, 353. puerorum 7, 210,
3, 68. pueris 2, 168, 6, 111. 630,

Register.

1,111, 11, 111. 111, 11,111, 11. l
3. 208. pueros 3, 261, 1,122, 5.
111, 1, 151. 111; 1,131. 111, 11,
228. ,1111111111 12, 83, 11,180.
111111111815519 1
1111111591. . i
,1113111520 ,11,1111117,173,8,
1111111. pugnas 1,111. ,
pugnacis 5, 57. j
pugnemus 16,17. ,1113111118211
,3191111111 12, 1. pugnantem 6,

pu θ,11 ἐξὲξ, 16, 30. pugnis 3, ,
1 1 · 1
pulcher pulcer 7,190. 1111111110, ³
315. ,111111111111151 pulchro
16, 51. ,11111111111917 pulchro l
1,111.,111111111,111. ulum
1,131. pulchrior 16, 195. pul·
cherrima 11, 51, 11, 36. 116.
pullati 3113. Ἴ
pullulet 6, 363. ³
pullus 11,111. pulli 1911111111, l
616. (nm.p16r.113,111. ,11111 l
1111116, 551. ,111111111,71. l
pulmentaria 7,185. ’
,1111111138 ,1111111111111033 i
ulmone 6, 519. 659.
p pitu 1111111) 7, 93. (11113171,
1,11, 6, 115115, 14,151.
,11,,116ᾔὲ19 pultes 11, 58. ,1111111111 l
,1111111111111 pulsatu, 161.
,1111111 (ΕΗ, 16, 8. pulsanti!
,1ΞΞΟΡ11118111111115ῗ’191’1.Ἢ1-111
,1111111111
pulvino 3,151. l
pulpiszgffil. pulvere 7, 18, 10,.17, ,
, .
pumice 8,16, 9, 95. .
1111161111, punire 1,115, 13, ,
pupillues'n, 156.
pupilli 1, 47. pupillum 16,165. pn· ἵ
,11111 6, 629. ,11,11111110,123.

,92 ι ι , puppis 12, 31. ,11,,11111101 ,
. ,1111116,101.552,14,18. puppe 12, 79, 1 ,2 7. =

purpura 1, 106, 7, 131. 135, 11,
155, 11, 111.

purpureu 4, 31. ,11,,111111111131

pur-116 puri 9,111; 1 ,19.

pusilli 10, 121, pusillos 15,ῑο
pusillas 14,11.

 

