, mimus 11153, 8, 198. mimum 6,

Wbrtervereeiohnise.

688; 13, 110.

1 121111817113ῖ52.
⁵ 3331331131211131333 11
133.31311331111113,31,3,13ξ

13, 14.

minor minatur 1, 111; 14, 191. mi-

uantur 3, 256. minetur 6, 568.

minor 13311133.) 3, 160. 203, 4, 41,7 ,
72,11,61,13,150.1]331.,1323.
123, 5,i68; 6,504, 646, 14, 165,

57*

74, 9,127. 1313333 1313331499,
5, 87, 10, 200, 14, 246. miserum
1348161. 331333313818, 9,113,
miserum 36, 7,161. 33133313331
727117’13,1,1214,64. mi·
3311 2,15’9;3,421.33133313 1,
134, 8,.122 1111333337,154, 10,
2961311333111111311,12’.

miserabilis 2,18;12,’67, 13113313-

5113113331.13,136,9,147; 12 ,73;
15, 97. 1333.,13273,1026913313.1
6,65.131331311111339,6.

15,140’.311311137,207. minoris miserere 8, 89, 12, 25.
13331314, 25, 7, 187, minorem 33133331131331111113113 15, 101
131333.,.1841]131.1’4,61, 1256. mi- 3111113 331134, 82· 13, 134. mitem

33116513,13,48.1311’131336,145.

14,15. 33111ο1 6, 486. mitius 10,

499. 3313333113, 101. 1313331333.) 183.
2, 71· 6210 334 620, 9,,45 10, 1311311366.
327, ”14,140. minimus ’10,217, 1311111345,11,124.1311111136,466.

13133. 3313133391. minimum

16, 8. minimam 13, 13. mini·
11111316,135, 15,24. minimol,
14. 3313111132,161. minim95,

123.1313111313’6,349.1313111333

5,144,14,124.311111111113 11, 36,

121ἒ3311334 8. 3113113331 13331,16

1313333313136311 1,148, 8, 234. mi·

notibus (dat.) 14, 188. 1367.) 2,

11111631 31, 133.

minuti 13, 189. minute 6, 546, 9,

137. minutae 14, 291.

mirabilis 3, 98.

miratrix 1, 33.

miror 3113311133,;90 4,,102 13, 162,
14,120. 1311131111 14195311-
33131138681111331111, 100 mi-

3311113 12, 16. mirante 2, 67. mi·
rebantur 13133. 3111333133 8,

1111111115,”,119 8180 95070.
13111317,74.1131113 8,1’71.172.
31111313 12 43 13,114’. 3113112,
148, 4, 20, 5, 92, 10, 132. 1313-
331113 5, 32. 3111116563. mitte·
1331111135108. 131113311132,169;
14, 147. 1111333311. 63. 1313313111
13, 230. 3313334, 144. 31133136,

mobilis 13, 236.

moderantem 10, 128.

modesto 10, 300.

modicae 4, 30. modicam 13, 143.

modica 12, 66. modico 9, 9, 10,
ἓξ9.151331113131631.1 5,108. 13611

3131113133,220.133111314,126.
3131132,7’3. 135160, 3,251, 4,77,

551· 6195. 614, 1, 152. 195, 8,
99. 125. 237, 9, 9’6.124,14,”86
298, 15, 98, ’119

264. mirabere 12 78. mirandus 33131331313113.31333133,

10,161. 1111133113”7,200. 3113311-
(1111313333. 3131313113, 32. 1333.1,12

359, 8,.88’1331136,275; 7,100;
13, 73, 14, 117. modis 133116,

124. 3311331113 13,65.3111·313(13 403, 7’, 19, 973.

15, 27.

33333113 2, 63. moechae 6, 278.

mirae mira 8,198. min's 13, 70. 3333311339, 25. 1113331111, 55. moe·
1311131424 31111136, ’1.00 464, 14, 30 moe-
31133311, 76. 3313331112, 25. 311333 311331133’ 6, 42. 1113331113 6, 465.
14, 322. miscere 5, 61. miscuit moechos 2, 27, 6,24; 10, 220.
8,220, 10, 163, 14, ’.174 mixtos 317,14,26.
6, 6251 13333111 6, ’83, 15, 28.
3113131113113311,20.1331313867.
1313323313213. 33313315,160.1331313313212.
3313314, 23, 9,4,5 163321313331 molem 1626. mole 1212. moles
14, 334. miserum 8, 76. miseri 12, 75.
6,’463. miserae 19331.) 3, 288, 4, 3131331118, 235.

 

