52* Regiam.

111. (5615155518131. (matr.) 1190 legat 1, 231. legenti 1,101
14,146. 15551 1,132, 15, 161. leget 3,211. 15511115 (11551623Ι
51515151. lassos 5, 55. lusis legit 11, 51; 11, 111. ugera 1.
6, 484. 162, 11, 78. legantur 11182.

lateo 15151 6,231, 15155115 9,18. 155115 13136.

15515 5,155; 11, 115. legumen 15,111.

latratibus 5, 415. lenae 6,189.

latravit 10, 212. 15115 1,55. 155555 6,121. lenonum

latronem 13,145. 1511555 10, 22. 3,156, 6, 320, 11, 46. 1555511111

15155 6, 650, 8,111. 1515115 6, 505, 6, 216.

13, 229. 151511 6, 31. 151115 3,131, 1551115 8, 248. 15515 (1151115115, 13.
1, 151; 11,111; 11, 51; 11, 151. 155. (151559.) 15,11. lento 5.
151515 11, 96. 565. ,
latua lata 9, 65. 151551 (acc. 111555.) 155 8,116, 14, 241, 15, 161. 15551 ³
1,151. (1151111.)6,182. lata 14, 16,160. leonem 1,16.

308. 15151021. 15155 11,122. lepus 11,138. leporem 5,161; 11.
151151,131,4,21.15156,92,11, 81. lepores 5111.

215. 151111511231. latissima letale 15,165.

12, 59. 15111515 4, 56.

laudabile 11,11. 1515 10,119.

155115 3,2, 4, 18, 12, 121. laudan 151153,111,9,95. 1515 (nom, 10.
15,15. uuda15,51;5,135; 11, 151. (500.) 11, 51. levi 1. 11.
32. laudamus 8, 58. 15511551 14, 151158115. 15111155 6, 356, 6. 31. ,
182. 1551151511,58. 1511115114, 11115 6, 501. 1515 1, 240. levium
154. laudare 3, 4292. 106, 1,31. 13,13. levibus 13,182. 1511115
1551151151 1,121. 1551151151,11; 10,341. 1511511111. 1511511551
1,11, 511. laudetur 11,111. 1,11. levius 1550.) 1, 55.

1555151111 3, 262. lavatur 5, 90. 15- 1155151551 12, 53. levet 14,136.
vantur 2,152. 151511 6,441, 1, levarit 14,83.

115. 155 5151. 1010 5115. lex 1, 11, 5,15; 1,151; 15,11511.

151111152158. 1551515 1,19. lauro 324. 15 “ 3,156. legem 6631.
6, 19, 8, 253. 1551115 10, 65. lege 6, 53. leges 1, 13, 8, 91. ,

15115 laudis 8, 16, 10, 143. laude legum 4, 19, 6, 511, 8. 5115: ¹
511. laudibus 5151. 11, 111. leges 1, 5511 1,111·Ι

lautus 11,1. lauti 11, 151. lautum 11, a; 11, 155. 151. legun· 11.
1,81. 1511151113. lautorum 1, 251,16,15.

111. lautissimus 3, 221. 1511115· libarius 9,109.
511551,116, 11,140. libelli l, 86. 11115115 11,133. libelli

laxet 6,144. laxare 4, 61. laxabant 1,101. libellos 3, 206, 621111
5151. 15. 1151111111,155·11,15.51

lectica 1,11. 111, 1,111; 15,15. 155 librum 5,11. libro 5151
1555515555. 515, 5, 111. libri 1, 5. 1111511.

15515151,13. 219. 1111115 6, 451, 9, 81.

155151115911. 1111515161, 9,122. 1111515 5155

1551115 3, 203, 6, 268, 8, 111. 15511 51119.) 8, 244. (5511551111.) 8. 211.
6, 226, 9,18. 15511151 6, 21. 15515 (5555111.) 4, 90.

2, 60, 5,11, 6, 694, 1, 105. 155115 libertas 1,111, 3, 299, 61102111
1155. 5,111. ubertatis 1,11. liberu-
legatum 8,112. 1515 14, 56. 230. 1111511515 1,116;

legio 2,155. legione 3, 132. 15 '· 8, 263.

5555111515.) 11, 111. (555.) 10, 9. libertinus 1,151.
legionibus 8, 255. libertus 6,146. 11115115 259111151-

15 ’1151551 9, 41. legitimis 6, 200. 151551 5, 28. 1111511511 1,43.

5 'tima 10, 338, 12, 100. 111151 1, 63, 2,1, 1,113, 8, 29, 12.

layo egatum (nom.) 9, 62. (aaa.) 9, 95, 14, 142, 16, 84. libeat J. 11:
88. 10, 102. 1111551155 15, 88. hbent

 

