44*

gurnisse 1511.

yrun grue 13, 170.

gula (nom.) 1‚140; 5, 94, 15, 90.

&amn 5,¹l¹2‘181;9 Ι11, 39, 14, 10.

gurgitis 3, 266. gurgite 2, 150, 5,Ι
100, 14, 280. gurganbus 13, 70.

gustat 15,92. gustaverat 14, 85.

gutturis 1111. ,1111113133 13,

9111121113 3133, 11,133.

&nawa

11.

habenas 14, 230.

habes 1113, 8, 200, 9, 87, 10,
365, 14, 315. 1131131140, 3,122.
144. 131131, 3, 13, 3131. 131.
197. 240. 268. 358, 7, 74. 75. 189,
8,141, 10, 72, 297. 323, 11, 68,
1133, 13,131.113,11,113, 13,
110. 1131131116, 61, 13, 83. 113-
aaa 5, 111, 11, 131, 1311,
habeat 2, 39, 6, 448, 13, 34, ha-
beant 8, 227. habe 3, 188, 5,
118. 1111113131,129, 10, 90, 14,
207, habentem 5, 46. habebat
3131, 3, 3. habebis 11, 33. 13-
bebit 6, 562. 656. habuit 3, 208,
10, 140. 294. habuere 6,13, 10,
113. 1111313111, 11, 1. 11-
13113111, 311, 11131. habe-
batur 5, 111. habendum 13,118,
11, 154. 111313111133, ha-
bendos 15, 37.

habitatorem 11,.111.

habito habitas 1,111; 14, 268. ha·
11311131. habitam 15, 151.

1111111 331.) 11, 113. ,13113133
habrum 1, 11, 313. habitu 14,
110. habitus 11131. 11312124, 3,
177, 6, 267, 8, 202

haedulus 11,66.

haedus haedos 11,133.

haeres 3135. haeret 2, 137, 3,
248, 11, 54. haeremus 6, 281.
haerens 3, 233. haereret 7, 227.
1133331110,144.11333111311114,2.
1133131314,41.

halitus 10, 238.

harena 3, 55. harenae (qen.) 3, 34.
(aaa) 3111131. harenam 1, 141.

Regiater.

harena 1,131; 1133, 3133, 14,
133, 13, 311.

harundinis 10,21.

haruspex 6, 397. 550. 1313111332,

113311ἓ11113,82. 1133133311, 11,

1111311137,127.

haurio 1133311 3, 85.

1131131113227.

haut 3164, 6, 7, 7, 93, 8, 198,11.
11, 13133, 11,133, 13, 3.

hebeti 11, 140. hebetes 8,137.

haaatomben 12,101.

hederis 7, 29.

herba 3, 20. herbae 11, 66. herba
11,11. 1311111333.

herboso 3113.

here 3, 23.

aeres 1,11, 3131, 3113333, 3,
87,14,4. 1313113316, 39. here·
des 10, 237, 12, 95.

1,,3113211133 9,44. hesternum 14, 129.
eu ,159

1113111133,3175.195. hiatu 6, 636,

11,11.

hibernae 7, 221. 1113133111522.

hie (pron.) 1, 4. 46. 41. 123. 161, 2,
113, 3, 33 33). 13113). 113133.
216. 217. 219. 220. 245. 246, 4, 59,
5,86, 6,112.193.332.479.460.492,
3313131331, 1113, 3133131.
131113, 33333111, 13113131.
1111331313311, 11,25.151.159,
13, 3. 31. 133, 11, 31. 13. 111. 111
286. 294. 312. haee 2128, 3,
218. 299, 6, 54. 101. 213. 214. 253.
355. 359. 396. 402. 624 (bie). 625,
1,11. 113. 133, 3, 111, 13111.
113. 311. 113. 313, 11, 11, 11, 1.
31, 131. 131. 133, 11, 133131.
313, 13, a. 52. 33. 133. 1311,
128. 131. 154, 5, 76, 6, 110. 614.
331, 1, 13. 133, 311, 11,113,
15, 69. 142, 16, 58. huius (1111111.
7,125, 8, 189, 10, 99. 228, 11.
147, 15, 97. [ 3113) 6, 498. 535,
3, 13. (never.) ,113, 14, 33. 131.
huia 10, 184. 1111113 1, 33, 216,

3133, 311113. 133, 311131. 1

158. 383. 648, 7, 56. 205, a, 33, 1

10, 69. 272, 13, 175, 14,73. 114,

15, 11. 33, 13, 33. asna 1, 111, 3

1, 31. 13, 3131133, 13,11,11, 1

115. 200, 12, 119, 14,91.140.
143. hoe (nee.) 2143, 4, 45, 5,

 

