42*

11, 11. metis (111.) 11, 101.
(abl.) 11, 296.

fratris 10, 242. frater (000.) 5,135.
fratrer 5, 137. fratrum 10, 260.
fratribus 14,169.

fraterculus 1, 98.

fraudis 13, 174. 1111101113201.
1111ιῖ110 13,11. frauder 13, 24,

fremitu 6, 261, 14,241.

fremo fremat 8, 37. fremeret 5, 78.

1103111111.

0101111111. 1111111111. ru-
mina 1, 111; 1, 111, 11, 11.
fuii'ir1i’¹⁵⁶⁵ 1,111. firmatur

fumosos 8, 8.
fumun 1,120. fumo 3, 249, 6131.

fundo fundat 5, 142. 1111111011.

31. 1111111101. 10111101.

fundus fundo 3108, 4,141.

funestat 8,18.

suuntur funesta 1, 113.

frena (1101118 2, 169. (arc.) 8, 88, sunyor functus 11, 88.

freifieiikiii, 1411... ¹

fri dus 6, 325. frigida (10111013.)
, 166, 6, 2. 0100131111.) 5, 23.

(00131111.) 14, 300. 1113111101 5, 50.
11130 11101111 6, 578. “
frigus 6, 360. frigore 4, 44, 10, 75,
1111111. frigora 11, 111.
11111110 14, 5.
frivola (nom.) 5, 59. (uro.) 3,198.
frondibus 6, 6.
frons 8, 189, 11, 96. frontis 2, 8.
frontem 6, 683, 616, 12, 6, 13,
110; 1110. fronte 0, 11, 0,101;
1, 1, 11, 101; 11,111; 11, 10.
frontibus 2, 85, 12,117.
fructur 5,14, 7,103, 8, 6.
frugalius 5, 6.
111131 3167, 4, 23, 14,111.
1101101117,175, 14,293. frumentum
fruor frueris 5,153. 1111111111,49,
fruatur 11, 173.
frustum 11, 142. 1111111 3, 210; 5,
01, 11,111; 11, 10.
fruticante 9,15.
11131861. 1113111375. fugium.
fu '1 6, 253. 339, 8, 206, 10, 160.
gere 2, 1, 6, 20. fugiens 13, 40.
1031001010 9, 74, 11, 55. 11131011-
tibus 11, 52. fueret 15, 172.
11131111135984. 11111264.
113100111436.
fu ’111111 13,111. fugitivum 1, 50.
3111111 8,174.
fulcro fultus 3, 82. fulta 7,182.
1111111113193,
fulcri 6, 22. fulcrum 11, 95.
fulget 8, 42. fulgere 10, 212. ful·
gebat 11101. fulserit 7,140.
1013313231011.) 14, 292. (arc.) 6, 587,
, .
fuligo 7, 227. fuligine 2, 93, 5,
11;10,110.

funum fungi 3146.
funis funem 12, 5, 14, 266. 292.

funus (nom.) 1,116; 11, 11; 11101
(aer.) 3, 43, 10, 259. funere 1.
565. 11111011(11011)4,109, 10.
241,13,131. (00118192.

1111226, 3,47. 11101116,17,13.
21. 1111101118174.

furiosus 3, 291.

furit 14, 63. furere 6, 615. furentis
u,511. ·

11111101 7, 4.

furor 1, 92, 1,18, 8, 07, 14, 136.
111 11, 10. 100.

furtivae 1,10. 1111111112120.

furtum furtis 11, 144.

01101 11, 101.
fuscina 2,143.
fuste 9, 98. furtes 6, 416.
fusum 2, 55. 11110 11, 61.

G.
3111111111. ,
311110111011101. [11141116. ’
galeam 2,130; 8,124, 14,261.
et 5,164, 6,108, 8, 203.
00116262. galeatum (1100. murt.)
1,101. (101. nour.) 8, 238.
galero 6,120, 8, 208.
gallina 3, 91, 5, 124, 11, 135. ssffli-
nae13,ltl. 311111οω12, .
3011111 311111 0111111111 03110111) 3116.
galli (0011) 9,107, 13, 233.
3111001158. -
3111111101.

· γάρ 1337.

garrula 12, 82.

gaudes 9, 84, 14, 210. 3111111016, 74.
101. 1011111111 1,100; 1,110,
10, 292, 13, 192, 14,18. gaudent
10,67,12,81. 1111011313-
gaude 6, 597. nu ere 6, 232, 15.
84. gaudentis 1, 225. gauderem,

 

