58*

61611169,38. 166116 1, 69. 616111
1661111666.) 3, 99, 6, 63. (sem.) 5,
70. 6161166 (fem.) 1,104, 3, 202,
6, 300. mollin 1, 83, 6, 366.
1661166 2, 47, 6, 91. 6161116 12,
85. mollia 6, 514. 16611161 2165,
8, 15, 11, 66. 16611166 (odo.) 6,
198. 6611166166 15, 131.

166666 6, 629. monent 15, 107.
moneatis 6, 346. moneant 8, 91.
616661 8, 39. 1666611 11,114. 616-
66116530. 1666111614210,

1666616355.

61661116 2, 85.

6166116 14, 228.

16666 6, 649. 61661661 1, 82, 3, 258,
5, 77, 10,153; 14,144. monto 6,
111; 6136111, 11, 66. monti·
1166 6, 637, 12129. 16661169,
54. 1666111166 5, 33, 6, 58, 7, 211,
11,15. 119, 11, 66.

monstro 10, 363, 14, 256. 1116661161
10, 48. monstrant 14, 3. 208.
monstrare 2, 42, 7, 56, 8, 45, 14,
103. monstrante 1416. mon-
stratur 6, 60. 6661616146.
6666116166 6, 261.

monstrum (116111.) 4, 2. 115, 9, 38.
(666.) 2,143; 4, 45, 13, 65, 15,
121. 16666116 6, 286. monstris
6, 647. 16666116 2, 122, 6, 645,
14, 283, 15,172.

61661666 6, 5. 1666166661 2, 74.
6166166111,68.

monumenta 5, 55.

16616 2, 167, 6, 333, 10, 340, 12,
111 (oio). morae (qen. 61119.) 6, 238.
327. (1161661111.) 16, 44.

morbi 3, 236. morbo 9, 49. mor·
bum 2, 17, 13, 230. 1661116 2, 50,
13, 212. morborum 10, 219. mor-
1116 14, 156.

mordet 6, 302. 1116111661 6, 632.
mordere 5, 11, 11, 67, 15, 87.
mordente 9,10. momordit 7,19.
mordetur 3, 91.

16611161 3, 232. moriuntur 2, 140.
1116116116 14, 137. 66116116 14, 249.
mortuus 3,172, 15, 79.

616161 3,183. 16616116 1,125; 14,
250. 267. 1661661111 11,54. mo-
ratam 6,1.

61616 4, 95, 10, 172. 1661116 16357.
mortem 8,196, 10, 248. 166116
11111611, 6, 61, 16, 116, 11,
45, 12, 48, 13, 54. 11161166 1,144.

116ςί6161.

morsum 5, 69. 166166 4142, 14,
297, 15, 9.

mortalis 13,76.

6161161111 7,170. ’

6161111616 9, 95, 10, 10. mortifero 1
4113. 1661111616 14, 221. 1
mos 6, 392, 10, 212. 6161161183. ,

61616 2, 87. 116, 3, 261, 8,156, 1
13, 38, 16, 15. mores 4, 82. 616- .
1616412, 14, 52. 1661111611,147, ’

2, 39. mores 2,170, 3, 63, 6, 84.
240. 298, 7, 237, 10, 298. 323, ¹
11, 92, 13, 159. 239, 14,15. 616-
ribus 2, 2, 3,140, 6, 45, 8, 21,
11, 57, 13, 204, 14, 74. 323.

166166 3, 42.

moveo 13, 114. moret 6, 71, 8, 203,
14, 5. movemus 2, 52. moreat
10, 202, 13, 35. 6161611661 8, 12.
movebit 6, 257. movebunt 7, 171.
166161116243. movisse 6, 538.
moverat 10, 29, 15, 16. movetur
11,170. moventur 6, 311. 166-
1611 6, 419, 13, 87. movendus 3.
226. 6161661621.

mox 3, 217. 280, 5, 26, 6, 23. 127.
224. 600, 9, 39, 10, 319, 11,169,

11,16. 66, 11, 161, 11, 66. 111. ,

mucida 5, 68, 14,128.

6166166661 14, 217.

mugilis 10,317.

mugire 14, 286.

166“16161,53.

1666616611.) 7, 181. (dai.) 13, 66.

mulier 2, 123, 3, 95, 6, 252. 440.
111, 16116.

mulino 16, 23.

mulio 3, 317, 8,148.

16111166 5, 92, 6161111614, 15, 11, 37.
mullorum 6, 40.

616111616016111) 2, 76. (ooo.) 2, 66;
11, 188.

multus 8,104, 14, 259. multum
(nom.) 3, 285, 7,187. (ooo.) 1, 66.
164, 12, 46. 6111116447, 5, 79;
6, 461. multi 3,142, 5, 35, 7.
76. 101, 8, 7. multo 13, 196.
multi 11,13. 111, 16161, 11,166.
multae 6, 655, 10, 284, 15, 50.
1661166, 14. 107, 9, 89. multo·

16166126. 16111116 (mooe.) 7, 81. ,

66, 611, 16,11; 11,16, roo:
15,79. (forro.) 6, 357. multost.
135;1,51.163;16,61.166; 116.
1661166 4, 92, 9, 146. 16111162.

 

