78*

reputant 6, 365.

requiem 6,166, 11, 184.

111111111128115155555, 155
55, 6236 357. 629. 659, 7,187,
8,198,9,95,16,346,11,16,15,
94· 1655151881, 555113, 365;
8, 2,15 13,143,14,92. 5511,
57, 14, 264. rerum 1151, 3,
39, 6, 255613, 7, 22. 162, 8, 96.
249, 12, 52, 13, 18, 14, 112.
555556, 97. 444, 16, 98. 348, 11,
115, 12, 49· 14, 2. 72, 314. 555
3251· 16 86 163, 11, 136, 14,
261, rebus 9,42,11,35,46.

5555515516, 141, rescribere 6 234.

resecentur 8,166.

residens 2, 57.

5551515158114,

5555555115,.5

respectus 8, 64.

respicit 7,1.41 respiciat 3,165.
1111),ἱο11,29144Ι 5455151855 51660171.
respexii7,3.

respiret 14, 28.
5555551553, 295, 6, 394. respondit

13,199.
11111111ξι 111 1115 reste 3, 226, 14,
274. restibus 6, 36.

resupinot3, 112.’555551115118,176.

resupinus resupine6, 26

reiceretis (555.,)2148, 8,.264 55·
11555 5, 95.

retegentui 6, 278

5511551551 2, 96. reticulis 12, 66.

55115555 2,138, 13, 261.

reverentis 2, 116, 5, 72, 14, 47. 177.

revereor reverende 6, 513.

reverti 3, 361, 4, 52, 11, 186, 14,
281. reversis 6, 312. reversi 3, 37.

revoces 14, 231. revocante 1, 27.
revocabat 2, 36. revocato 6, 576.

revolvas 8, 272.

555554, 165, reo 6, 243. 551 15,

555 1,136, 5,14. 137, 16, 246, 14,
255. regis 5,161, 6, 525. 661,
16, 161, regi 4,163, 5,136, 6,

467,12,168. regem 4, 126, 8,
161, 16, 273. rege 6,1, 13, 149
reges 6, 159; 16,113. regum5,
51555 45, 8, 266. regibus 3, 313,

rhetor 1, 44, 3, 76, 7, 198. rhetoris

Regiam.

7, 217. 555155515132. rhetore
1,151; 15,151. rhetores 5,155

rhetorici 7,173,

rhinocerote 7,136.

rhombus 11, 121. rhombi 4, 39. 129.
rhombum 4, 68. 119.

5151115516236. 515115 16,272.

rides 5,155. rides 15,111; 15,11.
ride 6, 264. ridere 6, 343, 8, 191.
ridente 2,13. ridebat 1621151.
ridendo (11551. einp.) 6, 461. (nor.
lor.) 16,124.

ri ’5515111 11, 55. ridiculos 3,153.

rigidi 16, 31. rigidae 6129.

51155553,195. 515553,97. rimae.

5575151· 5155551556, 551.

51510553,276

515,5ι5.,51,1.7265,16,86.515555151
5

risus 10, 47. 51551156, 71, 7,211,
13, 35, 15, 15. 51511 16,33, 13.

51151286.

5111516335. ritus 6, 335.

rivulis 6, 218. 51551556115. 5155-
1155512126.

51516436, ,

rixa 3, 282, 289. rixae 3, 235,
1551.

5151111115 15,61.

robiginis 15115.

55551·5)61,212ξᾴ roboro (11551) 16, 145. =
im· 1 · ’

robur robum 8155.

robustior 10, 197.

5551115,153.5ο(15551513,267.

5551513366, 14,362. 555559, 114.
55555116, 5184 5555111553, 2111.
rogubst 6, 386, rogeris 9, 73 ,
ro 11159148. 5551111155,63;1, ¹
23 ro 151515,144.

rogus 16, 41. 5555115146.

5555511,122. 5555514254.

5555516121. ,

roto 13, 51. 55151114,134,8,145.
5511516176 5511151659. ¹

55151116, 316. 5515156449.

151555555511, 166, 6,479. rubenti
13,37.1·ι51151515111 5196.

511655 rubra 5,11. rubrus 14, 191.

51155155 6, 659 5555151511, 76.

rubicundiiin 6, 425.

ruborem 13, 242.

ructante 6, 16. mutarit 3, 167,
5555111451.

 

