60*

234. 235. 308 (6111. 313. 327; 11, 7.
44. 75. 132 (0111. 136. 14216111. 156.
157. 158. 186; 12, 12. 43. 52. 66.
93. 102. 103. 121. 130 161113 13, 6.
8. 12. 22. 4316111. 46. 51 tter). 37
16111. 114. 12116111. 1111111111,
184. 211. 225. 24915113 14, 6. 27.
4316111. 48. 52. 93. 98. 111. 130.
148. 173. 201, 225. 246. 278328
(bie). 3293 15, 65. 81, 101. 12415111.
12911113 16, 9. 18. 50.

necdum 1, 6; 6,130; 11, 67.

neeesse 3, 290.

nocumentum. necari 13,116.
necandos 6, 596.

111061111344,

11101117,18. 01011651.

nefandae 13,174. nefandi 15, 116.
nefande 111115.

111111111011112, 127; 13, 238; 15, 3.
12,(11011,,883 13, 54; 14, 188.

1113113111,2,132.111311311 3, 92.

'¹⁶4⁰ 1128015111 115111131εὲ1

n 1 .

0131311318 . 1113111111 14,134.
negaverit 10, 321.

11130111(1101η114,264 (0111113183.

nemo 2, 83, 3,46. 112 21115113 4,
8,1111; 5,9.0 168, 6, 17. 44215111.
562. 621. 6283 1, 17. 45. 139157.
22316113 8, 45. 127; 9,106; 11,
93; 13, 3. 76. 131. 173.192; 14,
59. 207, 233; 15, 8. 16.

nemorosa 3,191.

’11115111911581151511551118θέ115

nemus 1, 13. nemo’re 11, 152161.
nemorum 4, 6.

nepotes (nom.) 8, 67. (aec.) 2,128.

0131103265.

nequam 6191.

nequis nequa 5,120.

neque 1, 89; 3, 79.110; 7, 59 8,
98; 11,30; 14,127.

nequeo, “ 42· 7, 56. nequeant 2,

1111111111

1111111113205111111335.

11110101,130; 3,41; 11,'113; 16, 36.
nentia 3, 200; 5,159; 13, 33. 34.
neauit 5, 60; 6, 247. 301; 12 ,28;

14, 231; 15, 1. nesciat 10, 369. .

11130011ἔὲ 6,188; 7, 97. nescierint
, .

1113111111.

nescius 11,100. nescia 13, 240.

1111111203.

ni 3, 321; 9, 71; 10, 339.

niceteria 3, 68.

111110113162.

nidus nido 1,116;5,143.1111101

0131014294.11131·15,5;3 13, 245.
1111931οὸ, 165; ,etqggtigme nigrae

111

11. 1113101113, 36, 6,.34 nigro
6, 370;851,5 49. 1113111 10, 245.
11131001,72.111311112,150.111311

nihil (nom.) 3, 84. 103. 112; 4, 70.
99; 6, 213. 284. 331. 460; 10, 155.
(uec.) 3, 209; 5, 6. 148; 6, 213; 1,
71; 8, 75; 10, 360; 13, 18. 227.

nihilo 5,131. niltnom.) 1,147; 1

6 3213 1‚160; 8,11.61; 10,11.
a’2; 11, 11. (ace.) 11111 3, 51

166). 1111111111 1,11; 1151. 1
111. 113. 212. 111111151 166). ,

664; 7, 54. 206; 9, 34; 10, 72.
3111 11‚121116); 11, 11. 185.
294(61’11.313; 15, 98. 1183 16, 12.

0111150104,87.1

111'2223161nimb05,'49.112'1nb1>s“1,163.1
1111011111, 81.

mqqru5q2’,161;,1,;1616248 1

1111111113445.

nimius nimia 12, 37. nimiae 11,
136. 1110111016, 46. nimi610,12;
15,77. 11111110 10, 252. nimios
10,104; 11,127; 13,11. nimias
10,105.

nisi 2, 152ς 3, 49. 172; 6,186.250.
518. 581; 7, 63. 87. 140; 8, 53.
57. 199; 10,155. 3381 11,122;
11101.

1111117,181; 15,4. nitent 12 91.
nitentia 12, 88

11111111 1311111011.) 3151111011.
plur.) 11,178.1111111111 14,2.
nitidos 6,8. nitidae 14, 69.

1111013,1811;9,13.

11111115,70.1111117,221.1111·11111
12,.3 1111011345.

1115 nivem 10,152.

1101111101110111.1111111.16,81; 7,191,
8,41.60.199253;15,113.οε11
8,4911011111 11,95.1101111111111
1, 91. nobilior 11110.

0001811198, 20. 139. nobilitate 1,
34; 4, 1.

 

