92*

velut 1115, 1, 59; 5,115; 1,313;
13, 216. 228.

veluti 11, 200.

vena 7, 53. 111119, 31. venem
6, 46· 13, 125.

1111111111, 23.

venale 111111.) 8621111.) 3, 33.
1111118,162.1111111 (nom.) 12,
102. (1411114151. 1111111111

11111114101,

venatricis 13, 80.

1111111111 5, 510; 1, 10. 91.
135, 8,128. vendimus 16, 78.
1111111116, 545, 1, 136, 8193.
1111115,40.11111115,98,111-
(11118492, 1111111433, 8,
194, 14, 200. vendentis 6, 380.
1111111116, 591. 1111111116, 258.
vendes 6, 112. vendet 14, 2’15.

11111111 6, 626. -

veneni 8, 11, 9, 100, 13,154. vene-
num 5, 133. veneno 3, 123, 6,
631. ,1111111111 7, 159. (aee.)
11,11.

venerabile (nom.) 13, 58. (111.) 15,

1111111611 15, 8.

veneto 3,150,

veniam 1, 19. 533 5,911; 512· ,1,
595. 511, 1, 111; 11, 115; 15, 111.

venis 1, 111. venit 2, 151; 1, 51;
5, 95 ; 1, 115. 311415, 1, 110; 5,
60, 10, 18, 11,160. veniunt 6,
131,414; 11, 11. venias 1,11;
7, 29. veniet 1, 32; 15, 21. ve·
nient 7, 156. venientis 11,155;
14, 65. veniente 3, 255. venienti-
bus 11,113. veniam 3, 322. ve-
11111161, veniet 1, 166; 3, 243,
5, 111, 1‚151.155; 111, 11,
336, 11, 65, 14, 211, venient 13,
102. 1111111 14, 59. 11111 5, 99,
1, 174, 10, 71. venerit 5, 145.
venisse 6, 451, 10, 216. venerat
1, 111, 2,166. 111111114,149,
10,258. veneris 13, 161.

venor venentur 14, 82.

111111 4,105, 9,136. ventris 15,
100. 111111 15, 174. 1111111116,
1²41 11, 11, 11, 199. 5550 5, 5
6, 596, 12, 60. 1111111 (11111.,)31
151. (111.114,126.149.

111111113253. ventilet 1, 28.

111111111158. 1111511843,

ventriculum 3, 91.

Register.

ventus 12, 61. 111111 3, 83. venti
1, 9. ventorum 13, 225. ventis
(1111.) 12, 51. 1164.) 12, 37.

venus 6, 300. veneris 11,167. vene·
rem 10, 209 venere 10, 362.
1111111113, 34.

111(11151)5,116,9, 51. (11111,
208. 11114814.

verbere 13194, 15, 21, verberas,
267. 1116111411110, 317. ¹

verbero verberet 6, 481.

verbose 10, 71. ,

verbum1‚ ·1.61 verborum 6, 446, ’
7, 230. 11111112, 110. 11111114,
91; 6, 391. 456, 11, 8. 1111111 1,
19, 6, 406, 11,112.

11111111 2, 21.

11111126. 1111111910.

vernule 5,105; 10, 111, 14, 169.

111111 5, 78. vernum 11, 203,

vero 11115.) 13, 84.

verpos 14,104.

verro verre 14, 59.

1111111115,49. 11111111 8, 67. verse
tur 14295. 111111113218.

1111111119, versu 7, 86. versus
(nom.) 11,152.1aec.15,151;1,·
38. versibus 5,153.

11111113, 252, 5,171; 8,241; 11,
160, 12,81;13,10.11111111)11

1111111116304,

vertunt 3, 36. vertere 11, 49. verte
ἶ1111355342. 11111111 6, 99. verso
, .

veru veribus 15, 82.
vervecis 3, 294. 1111111111 1150.
verum (part.) 9, 76; 12, 97.
verm 1111 4, 35, 14, 240. 111111
8,1,25 1111116251 11111191.
1111111,112;1,3205.1111113,
151, 144332511158, 188· 15,
17. veris 3,18.1111’11,168.
vere 2, 64. 453, 10, 3, 16, 33.
1111113,134.1111112,15.
1111161111115,106. 1111111513.
1111111, 39. vesicae 6, 64.
1111111,98.111111113,320.111111
7,.65 vestris 5, 88. 1111111113,
119. 1111112, 52, 8, 236, 14 220 ss
vestibulisl, 1111111·
1111111.,)614, 14 36 11111
6, 26, 13, 244, 14, 53. 212
111411 vestit, 11, 155¹. 111111116, .
511, 11, 111. ’111111 195 1
1111116, 482. 11111112, 67, 5551. 1

4
1
6, 524.

 

