Wbrterveneichnisn. 75*

(masc.) 1, 131, 2,148, 3,155, 4,
82, 6, 215. 558. 513, 1,13. 160,
8, 60. 213, 10, 48, 12, 94, 14,
244. 298330, 15, 136. 141, 16, 54.
(sem.) 1, 153; 3, 281, 6, 1. 91.
(mir.) 5, 34. uui1ma11c.)1‚166;
555555555555
8, 58, 9, 50(61'.1); 10, 251. 330,
mmmmuumfflu
ι’ em.) 6, 166. 354, 14, 256. quem
stmwuumfflwmu
283. 286, 4, 95, 5, 92 (55). 148,
6, 44. 248. 359, 1, 31. 93. 214, 8,
11, Ι9, 16. 18, 10, 111.121.130.
148. 231. 214. 310, 11, 131, 12, 8,
13, 243, 14, 24. 185. 231, 15, 43.
61. 85. 113. uam 3,118, 4, 40,
6, 182. 192. 531, 9, 65, 10, 320,
12, 21, 13, 14, 14, 85324. quod
1, 104. 141, 2, 108, 3, 21. 168,
(55555555
mmfflwummum
305. 469. 552. 611, 1,10.14.14.
15. 90. 243, 8, 29. 41. 69. 125.
165. 223. 235. 264. 215, 9, 26. 86.
wkmfflwwfflwm
mmmmmuo
1, 25, 2,12, 3, 8391, 4, 9. 1,
6, 153. 269383, 8,12, 10, 226.
235, 11, 198, 13, 155, 14, 115.
1111114 3113111 41- ²11·
1 · · 1 1 1
umuffimmfflum
81, 2,100, 3, 53, 5, 22, 6, 294,
55ῌΜ5ᾚ555
263, 12, 41, 13, 54, 14,261,15,
66. qui11wm. l.) 1,31. 156, 2,
31984152, 330, 4,11,6,12,
1, 209, 8, 118252, 9,133. 143,
10, 96, 11, 49, 12, 101, 13, 21.
86. 141. 223, 15,16. quae 6,13.
259. 480, 10, 1. quae (mir.) 2,
38. 42. 162, 3, 313, 5, 69. 108, 6,
640, 1, 46110, 8, 181. 258, 11,
5ηῌυῌω5ωω
(5555554555
45, 9,123, 10, 219, 11,160, 13,

1,16, 8, 10. 262, 9,131, 10,
46. 236 (544), 11, 9. 69. 124126,
155. 201. 202, 12, 19, 13, 94,
138193, 15, 38, 16, 48. quas l,
129, 3, 252, 5, 44, 6, 91. 366.
614, 9, 33, 13,191. quae 3, 15.
46, 4, 23, 5, 3. 109 (bis). 130. 152,
1, 24, 8,143, 9,108. 142, 10, 55.
144. 118, 11, 1819, 13,9. 151,
14, 3. 45. 222, 15, 111. quibus
(masc.) 11,160. (mir.) 4,151,
6, 325. 611, 11, 113.

qui (interrof. or. dir.) uae 2,134,

3, 58, 5, 51, 6,118( (ἐ). 318, 1,
103, 10, 210, 13, 23. 235, 14, 111,
mmmmmfflm
1, 119, 9, 38. quem 6, 252. quod
6,196; 9,110. quo 10,10. qua
3, 296. 309 (515), 6, 29, 103 (55),
12,48. quo 6,219, 9, 24, 10,69,
15, 161. quae (55555515) 3, 234,
10,61.91. (15546345. quae 6,211.
quibus 6, 29, 10,10, 14, 221.
(or. obl.) quae 6, 266. 331, 13, 11.
202, 316. quod 1,155; 13, 231.
uem 1³, 35, quod 10, 255, 15,
32. 5ο 5, 124 (515), 6, 261. 215.
2864 5. qui 5, 82, 6, 306, 10,
213, 11, 182. quo 6,510. qui
10, 353, 14,152. quae (fem.) 1,
156. (notar.) 6, 301. 511, 1,194.
111111111111121111
16111‘11113 ((5). (555(5105

mummuu
quicumque 1,18, 15,11. quae·

cumque 6, 341, 14, 188. quod·
numque 6, 355, 1, 211, 13,1.
cuicumque 6, 412, 13, 56. quem·

eumque 14, 210. (Quodcumque 1,

152, 13, 92, 14, 10 . quocum ue

(551. muse.) 3, 156. 230 (555), 8, 1.

(555Μ55Μω5

412, 8, 60. quoscumque 10, 359.

- quascumque 10, 312. quaecum·

mmwuw

qmdam 15, 11. quaedum 6, 385.

5ηῌ5555Μ5 mmmmmummu
quarum 6, 51. 259, 12, 40, 14, 55. 551555 13, 199. quendum 2,
238. quom 51554559, 11, 36. qudam 6, 361; 12, 50, 14,
145. 183, 16, 1. ἕψω (nume.) 96,15,101. qua-udum (1101111111631
umuffiffiffiuwum 55455Λ45.Ῥ
²³²² ¹1¹5 (δ’ 3331( 4393 3333331363513331
ffffifflmufflhffumffiuufflkmfflffl ’
(5554555555, 555555μω555

 

