Wbrterverceichniss.

11111111 atria 111111) 14, 65. (acc.)
7, 7. 91, 6, 20.

uiroc atrocem 2,12.

attegias 11, 111.

attendit 6, 66. attendas 16, 251.
101116111116.

atteritm 16, 50. 1111111116106, 8,
16. 1111111111.

af ’1 14, 106. attigerant 8, 252.

111111 14, 95. attollat 14, 236.
attollens 2, 95.

attonitus 12,21, 14,306. attonitae 7,
67. 1111111111. attonitae 1,17.
attonitam 11,199. attonitae 1,111.
attonitis 8, 239. 1111111014146,

avaritiae 6071 1,11. (11.) 1,11.
1111611111101.

avarus 7, 30, 9, 36, 14,111. avari
14,178. avarae 1, 77. 111116,
141. svaros 14,119.226.

auctio 6, 255, 7,10.

11111110, 30, 11, 46. auctori 13, 2.
auctores 7, 231. auctoribus 8,
111, 1113.

audacia 3, 73, 13,109.

1161ιῖ11111.) 6, 399, 11,201. (60015,
74. 1111111110264. 116111116284.

audeo 1, 153. 1111116, 165. audet
11111. 3053 11,11; 1111. audent
1, 1, 6,131; 6,97; 13,231. audeat
16, 9. 1111. aude 1,13; 13,161.
audere 15, 122. audebant 6, 645.
auderet 4, 47. audebis 2, 62.
11111 1,129, 6, 345, 11, 67. ausa
6,117. ausi 6, 235. susae 7, 206.

audio 6, 346, 10, 81. audis 13, 113.
11111 1,111; 1, 111, 1, 111, 11,
156. audiam, 166, 11, 171. sudi
3,115; 1,111. 111, 11, 11, 11,
24. audiret 2, 74. audiet 9, 106,
14, 260. auditur 7, 66. audita
{mo 61119.) 11,112. (nom plur.)

1111111 1, 1. 111, 1,11.

avalo avelli 3, 223.

averia 11113. aversus 6, 476.

assero abstulit 4,19.151, 6, 242,
10, 266. abstuleris 6, 331.

1181111169. aucti 15, 73.

augur 3, 77, 6, 565.

cvra aviam 3,112.

11111111.) 6,166. 1111.) 11, 111.
avem 1, 32. 11111482.

1111111.

aulis 4, 93, 5,138, 6, 466.

21*

11111111 [nom. plur.) 6, 67. (1111110,

39, 14, 263.

avolat 6, 226.

11111166.

aurata 6, 436. 11111111 2, 96. aura-
111116, 48. aurato 6, 594. curati
10,212. 11111116123.

aureus 7, 122. 111113, 108, 8, 207,
15, 4.

auriculis 6, 5.

auris 10, 215. aurem 3,122, 5,
107, 6, 543, 9,113, 10, 341, 11,

. 189197. aure 1,1⁰1; 4, 86, 11,
511111111111 (dac.) 6, 459, (abl.)
1, 76.

aurum 3, 55, 5, 39. 164, 14, 298.
auri 6123. aurum 1,11.11; 6,
462. 589, 7, 243, 12,129. auro
6, 205, 7, 89, 10, 27, 11, 116.

licie? 1011131, 111. austri 6, 617.
austro 14,266. austris 12, 69.

111 1, 5. 44. 53 (511). 164, 2, 52. 97.
110, 3, 70. 93. 99 (67¹6). 120. 126.
134. 190. 191 (111). 192. 224 (611).
241. 295 (6111, 4, 47. 871611). 120,
5, 22. 33. 53.10‹1.132; 6,15.33.
56. 77. 81. 136. 235. 266. 272 (bia).
279. 342. 449. 462. 482. 489. 501,
7, 26. 94. 95. 120. 121. 233 (111),
8, 38. 180. 201. 218. 222. 275 (111),
9, 51. 81. 99136, 10, 5. 54. 114
1611), 11,61.135.147.192, 12, 59.
103. 116, 13, 50. 51. 115. 162. 182.
246, 14, 81. 114165. 174. 178.
193. 196. 267, 15, 15. 215182.
119. 125. 156, 16, 37. 40.

autem 3, 209, 6,161, 7, 217, 8,
119, 10, 295. 314, 11, 90, 13, 20.
196, 14, 83. 100, 15, 90.

αὐτός 9, 37.

autumnus 5,151. autumni 14,190.
autumnum 11, 76. autumno 4,
57, 10, 221. autumnos 6, 230.

avunculus 6, 615, 14, 43.

1111 1, 95, 8,143. avos 6, 163,
6,17.

auxilium 15,150. auxilio 14,163.
auxiliis 8, 256.

axis 3, 258, 6,116. axem 6, 470.
axe 1, 60, 14, 42. axes 4,117.

Β.
bacis 3, 85.
bacchamur 6, 636.

 

