Wbrtorverreiohnior.

61666662, 46
umbro 2,157. umbram 10, 21.

61611164,·6 6,4· 78106173
14, 169. umbrae 13 52 umbro·
16168,65.6611)1·167,.207 um·
111661, 9;10,258.

umbriferos 10, 464.

umbrosae 16, 76.

umero 1, 27, 6, 491, 16, 227. ume-
ιο68,4. 6111611616, 39.

umido (nom. επις) 2, 1681666.
phur) 11, 188.

61661· 1032 616616 13193.

2116161611661111, 1²3
12, 98, 13, 177, 14, 43. 127.165.
178928, 16, 88. 124. 161.

6661611131.

unciolam 1,46.

666616 13246. 66661066.

undo 3, 244. 6666 14, 289. undas
3,19. 6611161231.

unde 1161666ς.) 1, 16. 160. 151,
2, 40. 127 (6161, 9, 292, 6, 286, 7,
188, 9, 8, 10, 92, 14, 56. 267, 16,
168. (relat.) 3, 229. 269, 4, 98,
6,,939 7,,76 19, 106.

6611111663, 247· 6,81,8,19,9,131.

ungu 6616 (nom.) 6, 363, 4,] 122,
16, 60. (666.,19428, 14 204

6....166

6691111181.

661ςί13666ωῶ 38216629. unctam 8,

666

66166Ξ6841119Ή64 66166826,

66661, 24, 2,163, 669218,
122,8214161616,168,14,93.
67. 168. 284, 15, 79. 6669, 161,
6443 626 8‚3l3; 10 ,198, 11,
161, 13,160. 466, 14, 39. 66661
4,128, 12, 68, 14, 141. 66166 2,
80, 3, 231, 6, 621. uni 6, 206,
7,.38 666613,.,9226 10 29
6663, 314, 6, 64, 9, 133, 10, 221.
223, 41, 63, 33, 473, 14, 66 666
1138 2151 910 6119
641, 4,6 486,1,2 19, 15, 168.
66611117, 10,113,13,243. 666
(odo.) 5,18’; 14, 243.

666611613,32.6666167,19.

666613, 239, 6, 137 6661661668, 32.
66661113, 316. vocantem 13 407·
16,196.66661111427766666161

95*

4,72, 11, 178. 6666111,.99 66·
61164664,1. vocato 14, 21.

volgi 61.

11110631111316323326. 6616616111 1, 64.
volanti 6,121.661666618,251.

66163,44,11,223. 6161,74,1,;69
5,14'.13'5.'138;1,165;10,’'.90 94.
346, 14 253 66116591616616,
338, 14,176.177,15,141. 66111111
3, 113, 7,i57; 10 97 16111115,
1117, 9’, 1. 66116 10, 339, 11, 36.
6611113176.661661129866-
lenti 13,169;16,13. 1611666,
282. 6611616, 598, 16, 184. 282.
66166 6, 547, 8, 494. 661616,
337, 7,’197.1’;’98 13,92,14,185.
6616113, 46, 4, 63. 66166167, 209.

6611616 o3 6611116.

661666 oi. 66166.

6616616618, 57, 10, 43. 66166118,
146, 66166116 1116161 11, 199
(ooo.) 13167.

6616616614102.

6616111666, 223· 13, 268.

volvo 661611 6, 462. 496, 14, 299.
volvos 16, 99. 66166616 13, 88.
volveris 111, 126. 661611613, 65.

6016111661,85; 6,179. 254. 368;10,
210;11,1211.168;13,130. vo·
16111161661 14, 256, 15, 90. vo-
1611161116 11, 468.

6616161, 168.

vomer 9, 311. vomere 15, 167.

6616166613, 95

vomit 5, 451.

vorabit 1,1³5.

404 1, 54. 55; 5, 52. 151; 5,155; 1,
119; 6, 44. 111. ²3²3 61111161.
vostrum 5,129. vobis 6, 61. 136,
8, 126181. 666 4, 36, 5, 28. 109.
166, 6, 396. 629, 7, 20.

661166 12, 27.

votum 1, 55; 9, 141. 666· 16, 5.
votum 6, 115; 11,115. voto 5,
60. 6616 10,23.111.284. 6616-
16166,18,10,291. 6611614298
66163133, 11,,602 14, 250.

voveas 10, 964. 6666111112 116.

vox6, 197. 318, 9,,78 10, 374, 11,
111; 14, 69. 666167, 119, 8,227.
666616 3, 96, 6, 3811, 7, 81, 8,
185, 19, 114. 205. vooe3,111;
4, 32, 11, 530, 16, 198, 11, 182,
13, 77. 666667, 44. 66611616 11,

 

