Warterverzeiohniaa.

11110113 14, 260. 11301455.
uum 3133. flagelli 5151.
11138,151,13, 195. flagello
6, 419. flagellis (dat.) 14, 19.
(1151111180. ¹
flagitio 13, 244.
13311113.
tia, 133.
18 , 1331311101 13, 11.
3111.

flam flagra 3,113; 111133.

flammarum 3, 285. flammas 8, 233.
flammis 13133, 1133.

flammea 2124, 6, 225.

3333301313331.

fluam 1311 5, 115. ssavo 6, 120.
amm 5, 351; 13, 151.

11311113 13,84.

flecto 130133 13, 144. flexit 1, 20.
1311333910. flexi 6, 493.

131 3,101. 13313311,146. flebat
10, 30.

3331133113, 101315,136.

1101311 1250.

1013331133 8, 99.

103 5 56. florea 15, 50.

aesonius 3111.

13011131 6, 322. 130111 11, 94, 12,
30, 14, 296. 11101113 6, 92. 130·
111133 10,186.

1311133111. 13311333,31,10,
177.

fluxit 6, 295, fluxerit 13, 69.

10031313 3, 262,

100313 5, 91, 10003 12, 85, 15, 83.
10013 4, 66, 11,19,

foderit 9,15.

foedus foedere 1,123.

foedus foeda 3,148; 6, 132. 461.
foedum 1301111 14, 84. (3001131113.)
1, 5. foedo 8, 225. foeda 14, 64,
foedis 3133. 1051511,151.
foedior 4,14. foedius 2, 82.

foliata 6, 465.

folium 8, 126.

follem 13, 61. folle 14, 281. follae
1,111. 101111331161.

fona 10, 119, 12, 41. fontia 3,13.
fontem 14, 104. 10313 3, 281, 6,
286. 554. 1031133159.

roroipnm 10,131..

1010 cs. 3313

10133 6, 221. 1011111139,85. foria
(adv.) 5, 1253 311.

1011033 3, 38.

1011335, 61, 6,178, 10, 324. formae

31131.
ua 13,

41*

10, 291. formam 10, 289. forma
1011113136, 361.
formidine 13, 106, 15,17.

formido formidat 3, 116. 101131-

datus 6, 559.
formo 10131331 6, 244.
10131013 6, 162. formonsa 6, 465,

flagrabat 13, 43. 1011303331 6, 186. 101130-

sissimus 10, 331.
fornacula 19, 82.

suman 1013303 3, 309.

10131013 10, 239. 1013103 3, 156, 11,

101333 6,14, 12,125.

forsitan 1,15u; 5,155; s,115; 11,
131, 11, 34. 133.

fortasse 1,15; 311. 333; 13103,

forte’ 3, 2183 3, 311, 1, 133. 131,
11, 113, 13, 111.

fortia 16, 59. 1011013 6, 97, 10, 351.
fortes 4, 3, 9, 142. fortibus 8,
111. fortia 3, 51. fortior 3,131;
11, 33; 13131.

fortuitus 13113.

10111133 6, 287, 7, 197, 10, 285, 12,
29, 14, 328. fortunae (9311.) 13,
10. 10. 33, 13, 33. (3311 13, 33,
11,176. fortunam 10, 73, 16, 31.
fortuna 6, 593, 8,14. fortunas
14,113.

sommam 13111.

1013103 3, 219.

forum 1, 128. fori 16, 47. 1010 4, 7.
101313 7, 132. 1010 10, 25, 11,
50. fora (nom.) 6, 68. 1300.) 2, 62,

10333210.

10330111,80.

1013111606. 10113118, 165. fovetur
3133111.

fragili 11, 33. fragiles 3, 311.
fragor 11, 191.

fraqam fraga 13, 51.

frameam 13, 19.

frangis 8, 136. frangit 6, 419, 1,
219. frangimus 10,156. frange
’1, 21. frangere 10, 102, 15, 9.
frangebat 8, 241, 11,102. fregit
1, 86, 14, 93. fregerunt 6, 299.
fregeris 1 1. exact.) 14, 309.
frangitur 1,191. franguntur 10,Ι

60. 1133 andus 10, 200. fran-
3333311333313333. fracta
3,111;1,33;3,311.313; 13,131;

 

