Wnrterverreichnias.

59, 4, 22. multia (mare.) 6, 33,
11239144, 13, 110. Uera.) 9,
80. (1111111.) 14, 163. multum
(1111.) 19, 3. 191, 12, 66.

1111111111181.

mnndi 6, 586, 10, 169, 12, 48, 15,
141. 111111111381.

..111191

. , . .

3, 34.

111111111119,19.

muniret 8, 248. 1111111111111.

munus 14,183. munere 1, 35; 2,
148, 4, 18. 1111111111.) 3, 36,
9, 53, 10, 358. muneribus 11111.

11111111116,36.

1111111115,99.

murmillonis 8, 209. murmillonem
6, 81.

murmure 5, 61, 10, 299, 13, 224.
murmura 6, 539, 19, 89,

1111111111133.

murm 1111111131, 1111111140.

mna 6, 339, 1111113201.

1111111116,102.

1111111958. mustum 19, 259.

mutare 8, 65, 14, 55. 1111111113,
249. mutandum 6, 94. mutatis

mutorum 15, 143. muta 8, 56.

mutuus 15,149,

1111111111156.

N.

nam 1, 39. 61. 190. 131, 2, 55. 161,
3, 6, 122. 194. 299. 234. 241, 251.
291.302.311; 4,13.119, 5, 43. 109.
151, 6, 195. 185. 254. 415. 431.
445. 481. 598, 1, 85069152, 8,
112; 9, 24. 33. 58. 95. 148, 10,18,
194. 294. 210. 236. 394. 349, 11, 5.
2161111199, 1111121, 13,
109. 299. 249, 14, 50. 116. 222.
221, 15, 19. 30. 69. 89, 16, 2. 52.

naganulessffflffl 1,181, 9, 66, 11,

1111118,32.

nares 14,194. naribus 6,198.

1111116411. narrate 4, 35. narrare
11, 166, 12, 82. narraret 15,]1.
1111111112,164.

nascitur 9, 83. 1111111111111,
15, 10. 1111111150. nascenti
12, 9. natur 1,104, 3, 80, 8,14.
259, 13, 11. 11111184. natam

59*

19,122. natum 1,141. 11113,
156, 6,12, 13, 142. 1111111161.
nata 4,149. 111111116,115,19,
241. natis 19, 201. natos 6, 86.
611. natas 11, 111. natis 9,11.

nassae 12,123.

nnana 6, 495, 15, 55. nasi 11111.
naso 1, 51, 6,148, 8, 5. nasorum
5,41.

natalicium 11, 84.

1111111951. natali 12,1. natalibus
(gargar. aar.) 6, 323. (abl.) 5, 31,

, 11.

natio 3,109.

1111111111. plur.) 6, 611.

nato natat 4, 55. natantem 19, 251 .
natantis 14, 8. nataret 11, 94.
natavit 1111.

natura 1,19; 2,149, 11151219.
391. 303, 12,41.19; 13,39.166.
236139, 14, 31. 321, 15, 132.
naturae 3,123, 19, 359, 15138.
natura 13, 88.

naufragium 12, 22.

naufragus 14, 301.

navigio 1, 82.

navia navem 6, 98, 12, 56 , 14, 288.
nave 9,149, 19,185. navibus 8,
196, 9,131.

1111111118,91,

nauseo nauseat 6, 433.

nautae 12, 82. 1111111154. nau·
1116, 191. 1111118114,

11 1,91. 110, 2, 42, 3,126. 130.
319311, 4, 56, 5, 11. 29. 58, 1,
11. 111. 111. 111 1, 11. 11. 111.
9,139, 19, 41, 84. 81, 11, 31, 13,
36, 99, 11, 39. 64. 66, 15, 49. 41.
89, 16,8. 16.

na 1, 1. 92, 5, 9, 6, 69, 161192.
641. 642, 9, 69, 19, 28. 90, 13,
111. n 11111.

1111111114.

nebulone 14, 9.

nec 1, 29. 145, 2, 49. 108. 199139
(bia). 131. 131142, 152; 3, 29. 14
(aa). 1ο, 11. 11. 1ο. 11111111.
109. 291116. 266. 261. 392, 4, 41.
99. 104, 5, 3196. 123139. 163.
111, 6,136, 96. 138, 292. 293.
234. 281. 288. 350. 358. 315. 399.
111. 111 (aa), 111. 111. 151. 111,
1, mis). 54. 6615, 8,193.129.
164. 118, 188194. 200. 291. 293.
2141111). 211, 9, 49. 88. 99112.
121. 141, 10, 51110161233.

 

