80*

4411144628 4411116652, 111356
444ο 6, 235, 19, 356.

sepiens, 5 444, 1,191. sapientibus
1414444444 11, 11, 111, 14, 311.

444415,119;11,121.4444411181.

44444442113.

44444441443,161.44411411111446, 146.

sarcio sartae 3, 254.

sarco hago 111111.

samu (amn.) 3, 311. (au.) 11, 111.

sardonyche 1,144. 4441144ζ4114116,
382. sardonychum 13,1 9.

&ruffo 16, 64.

sate es 4,116.

satio 4414414 6,139.

4414 1, 141; 411, 14111. 111.

444484413444444411 1

1 ’ 1 ¹

44144444 1, 39, 4, 166. 4411145 6,
634. saturarum 3, 311.

saturo saturant 6, 118. saturabat
14141.

saucius 5, 21.

saxum (nom.) 13, 51. (acc.) 4,141;
1411. 14441451.) 1, 41; 1, 141;
11, 131. (141.) 141; 11,111;
141111. mis 111144.

scabie 2, 89, 5,153; 8, 34.

scaenae 8,118. 444445 8, 229.

4441441441, 118.

10111113,'135.scslpun13,133

scsp 'um 6, 264.

4461444489645.

sceleris 13,195, 14, 224. 4441414 13,
29, 15,129.14411446,651, 19,
3411;13, 239. 231, 14, 186, 15,
29. 36. scelere 13, 6; 15, 89.
scelerum 131513 11,11'3.

{3333011'64133 11.

scilicet 2, 122, 5,16; 6, 239. 641.
335; 1, 111, 11,133.

scindes 1,111. scinduntur 3, 254.
scissa 3,148. 4414114411.

scintillas 14, 244.

1010 1, 1533 3, 31. 441111. 1411
1, 43, 11, 24. sciet 6, 459, 13,
13. scire 3, 113; 9,1. 44441 9,
168, 13:142.

scobis 14, 61.

449ῧ41191ἳ).,19,153,13,246. scopulis

44ο4143, 135

1411111 scribe 14,192. scribere 1,

Register.

36. 4444114464 4,166. 44414413.
241. scri 144441,.18 44414411 1.
221. scr1eris3, 81. 1444114144 3.
161. 4444114464 1,152,1,52.
scriptus 1614111141 6 295.
44444146211.

44444446, 218.

scri tores 1, 33.

scro c 14,1'16.

scrofa 12,13. sorore 6,111.
scrutare 2, 45. scrutante 5, 36.
scurra 4, 31, 13, 111. ¹
44111444 6, 489.

scutulata 2, 91.

scutum 8,123. 44414 6, 248.
σεαυτόν 11, 21.

secessus 3, 6.

4411114441 19, 316. secantem 14.
156. secuit 6, 514. 4444114111.
-135, secetur 5,124. secto 6.
166. sectum (ccc. mccc.) 1511.
(contr.) 11111.

secretus 6, 231. secreti 3,·52. sc·
44411441(444.111411.)6,608. (mus
9,96. 192. 44444152, 91. secreta
(115111 plur.) 6, 311; 19, 89. ,cccj
3, 113; 6, 136. 493, 9, 23. 53, 111
331. secreto 1, 36'.

sectae 14, 122.

44414143, 293.

sectivi 11, 133.

secundi 3,101. secundae 3 31;
19, 241. 4441144156, 253, 19, 63
secundo 16, 3.

securis 6266, 19, 59. secures (114114Ι
8,131. (41411261. ,

securus 1, 162, 6, 62, 14, 213. sc 3
curs 3, 261, 19,15. securum&
111, 3,144. securi 12, 82. sc
curos 3,196.

444111446219.

sed 41111191. 192. 195. 1111311
Qffiffiwssffiwffim
153. 162, 3,198692165211.
282, 316, 4, 11. 21. 12. 86. 36. 121.
134. 163; 5, 26. 61 (141). 1914.
141. 111, 6, 9. 15. 38. 88. 119136.
1521144184 224. 219. 336 315.
341. 351. 311 398. 451. 411. 516,
663. 563. 634. 633. 645. 669, 1, 31.
53. 86. 195. 198. 138. 213. 229.
242, 8, 62. 14. 34. 1491551151.
112. 292. 215. 211. 236. 243· 915.
46. 63. 64. 115124142, 19,12,
2531. 69. 12, 81. 91. 116161.
185. 1911. 232. 211. 284. 293. 31..

 

