Wbrterverzeichniss. 39*

1,151; 11, 11,11, 11,11, 11, ,1111111 11,11. 11111 1, 111.

11. facies (1111.) 1, 61, 8,151; falcibus 14,149.

1, 111, 11,111, 11,11. fama 1,11, 1,11, 11,11. famae
1111111 11,11, 11,11. 111111111, 111.) 1111, 1, 11, 11, 111111,

Ᾰ1,103; 9, 43, 13 75. facilem 3, 14,152. (11111.)8,16,9,86. famam

111, 1,111, 11111111.) 1, 111, 1,11,1,11.111, 11,111, 11,11.

1, 11. (fem) 111. 1111111111. 1111111, 11, 1.
facile (adv.) 1114. famelica 14,146.
1111111111111111.)6,294. (1111.) 3,115, 11111115,10; 14, 318, 15,120.131.
6, 493. 640, 10, 255, 13, 203, 1111111114,138; 6, 360, 14, 213.
15, 14. fame 6, 424, 14, 84, 15, 102.
sacia 11111128, 14,11. 111111, famoso 15, 46. famosa 11,11.
11, 1, 11, 1, 111. 111. 111, 1,11. famulae 11,11.
140; 11, 110. 469. 596. 641. 652, sanativus 2,112; 4,123.
1, 38, 5192. 238, 8, 215, 9, 107, 1111111119,22;10,290. 11111 12, 21.
11,11,11,11,11,11. facimus sarranis 5,11. 1111113111, 5,
11,111, 11,111, faciunt 1, 11. 123. 111. farra 11,11, 11,111.
111, 1, 111, 1, 111. 111, 1, 1, farinae 5, 55.
12, 50, 15,131. faciam 3, 41. 1111131186.
facias 1111, 11,11. 11111111, 11111111,111,
111. 11111111,111; 1, 111, 1, 11 (nom.) 1,131; 1111111, 11,
11,11111, 11,111. 11 1, 111, 11. 111, 11,111. (acc.) 1, 55.
14, 326. 11111112. 11111111, 1111111 6, 263, 9, 14, 14, 294.
206. 11111119, 111. 11111111111, ,111111111111101 111111 (nom.)
151. 1111111 5, 252. 11111111, 15, 55. (aee.) 1111, 11,11.
388. facerent 11,111. 1111116, 1111111111 5,110.
111.111,1,11. 11111111,111. fastidit 11,11. fastiditus 11,111.
148, 2, 66, 5,111, 8,115. fac· 1111111111311.
turus 6, 428, 1111111191111111119.) ,1111111111 fastidia 11111111.) 14, 184.
11, 95. 1111111111.) 12, 56. feei 201. 11111.) 10,202.
6, 638. 111112,109; 3, 52, 4, 23, fastigia 3, 39.
1,11,1,111.111,11,11. fecimus fatens 11,111. fatetur 111, 11,
5155. 1111111 8, 41. 11111111, 112, 15,132. 111111 3, 50, 13,
68, 6, 114. 222. 405, 14, 151. 222. 1111111111248.
1111111 3, 231, 6, 456, 14,185. fatiget 4, 5, 6, 442. 111111111125.
fecisset 4, 12, 6, 619. 1111111114, fatum 4, 88, 6, 588, 9, 523 12,63.
50. facienda 15, 108. 11111116, 1111111111. 1111111129,
111. 111. 11111111. 11111 11,111,11,111,11111111.
11111.) 3,162, 16, 218. 111111 1111 3, 274; 1, 201, 9, 32, 10,
1111 11,11. 111. fatorum 1, 111, 11, 111.
factum 11111 6, 211, 13, 155. 210. 11111216. 1111 6, 652. 111115,
1111111 11,111. 1111111111. 155; 15, 155.
facundia 4, 82, 1, 145, 10,10, satum 11111111 6, 658. fatuos 9, 8.
facundus facunda 6, 445; 1, 35, 10, faucibus 8, 201, 11212.
214, -15,111, facundum 8, 48. faventes 12, 83. favisset 11,11.
facundo 15, 45. favor 15, 56.
faenum 514. 111111,111,11,11, sax facem 5, 139. 1111 15,140.
111111111140. 11111111114048. 1111111139.
185. febris 9, 11. febre 10, 218, 13, 229.
faex 111111 3, 61. febres 10, 283.
11111111. fecunda 6, 162. 111111111232.
1111111114. 1111111119,56. 1111111116111,
1111111111. 111.
falsus 111, 14, 218. falsi 1, 61, felix (111111.) 4,8; 11,190.191.193.
2,65. 111111111132. falso (11111.) 202, 10, 248, 13, 181, 14, 21.
1, 98. (1111111604. 1111111142. (fem.) 6, 258. 1111111111. felicia

 

