Worterverteichniss.

socialibus 5, 31.

300103 10, 254. sociorum 8, 89. 136.
300113 8, 108. 300103 10, 222.
300113 8, 99.

3001116231.

30113133 11, 192.

sodes 6, 280.

sol 3, 316, 15, 44. 301310 7,183;
11, 103, 11, 130. 13111133, 11,
70. solibus 4, 43.

mucia 13, 110. 113.

solea 6, 612.

30130 9, 138. solet 3, 286, 6, 415,
1, 131, 313, 11, 13131, 13,
103, 14, 266. soleat 7, 54. 30-
131133 9, 25. solebat 4, 32, 5, 44.
103, 3113, 10, 33, 11,113.
solebant 12,107. solitus 5,106,
lo, 13013, 133, 11, 113. solium
(110113 1111111.) 15, 127. (000. 111030.)
8, 142. solito 6, 487, 11, 88.
301111 2, 92, 14,100.

solide 11, 205. solidum 10, 176.
30111133 5, 68. solidam 5,13.

sollemne 11, 194. 301130101110310,

sollers 9, 65.

sollicitemus 16, 28. sollicitent 9, 37.

3011101103 5, 20, 13, 67. sollicites

soloecismum 6, 456.

30101 solatur 6, 384.

301311113493.

30111111 11,49.

3010030111011 14199. 301131 8, 50.
solvite 14, 292. 3013313 7,157.
solveret 2, 33. solvet 8, 154.
solvitur 6, 73. 3010111111 9, 79.
30101313,116.

10103 3,122, 7,2, 8, 250, 11,52;
14, 159, 15, 26. 1013 3, 201, 8,
10, 10, 111, 11, 113, 13,103.
30119, 93, 12, 124. solam 8, 157,
14, 107. 301010 3, 6, 5,111; 7,
111, 13133. 3313 1, 33, 3133.
sola 4, 3, 10, 218. 3010 6, 510,
1, 33, 11,11. sou 15, 113. soa
6, 68. 30113 2, 89, 16, 51. 30103
14 104, 15, 37. 30113 11,109.
solum (333.) 3,111.

somnia 6, 547.

1011111113 somni 6, 478. 3010110111 3,
131. 133. 111. 131, 3, 13, 11, 111.
30111110 3, 56; 6, 424. somni 6,
289. 416. somnos 15, 154. som-
nis 13, 221.

83*

sonet 3, 91. 262, 6, 517, 11, 141.
sonunt 6, 68, 7, 108. 300313 15,
51. sonantem 6, 92. 3003111111,
25, 10, 226. 30111111 6,560.

sonoram 13,131.

sonus 9, 78.

sophistae 7,167.

soporem 13, 217.

sorbeat 6, 306. sorbere 14, 255.

sordes 1,140, 5,11, 14, 124.

sordidula 3,149.

3010113 6, 85, 14, 284. 3010116, 111.
158. sororem 6, 566. 3010133 6,
0020010111103 (1131.) 5, 152. (abl.)

‚ .

3013 3011131225. 3011331,82, 1583.

30111103 8,179, 13, 49. sortita 6,
505. 301111114,96,15,144.

303033 13, 178.

303110 1, 22, 6, 376, 14, 91.

spargat 6, 528, 7,180. spargere 9,
84. spargendus 12, 8.

3031103010 4132,

30311010 (110111.) 3, 269, 4, 39. (000.)
6, 52015ιέ 582, 10,188.358. 303113
10, .

specie 10, 310, 14, 109.

spectabile 8,110.

3000130003 (nom.) 6, 61. (000.) 8, 205,

, ..

spectat 8,190. 30301301 4, 64, 6,
652, 11,165. 3 30133 5,121, 14,
258. 3030131 l, 352. spectent
11,201. sectere 1, 56. 3030-
130113 15147. sectantibus 2,
147. spectentur ll, 172. spec·
1301103 10, 67. 3030130113 (130111.
einp.) 11, 35. (000. plur.) 7, 22.
3οο010103 6, 371.

specularibus 4, 21.

3030010111 (11011102, 103. (003.) 2, 99.

30310003 6, 3. speluncas 3, 17.
speluncis 6, 59.

30310301 14, 34. 301311 6, 226.

spernor 3031113101 ,4.

speres erat 3, 266, 12120. 3031313
1, sl} 6, 106. 388, 10, 207, 13,
234, 14, 6. sperantibus 4, 57.

30331, 134, 5,166, 7,·1.30,9, 134.
147, 12, 70, 14, 278. spem 6,
331. 3033’9,125.

301001313,79.

30113 8, 208.

301131 6, 464. 3 1131112, 41, 7,111.
31131113 9, oi spirantis 7, 208.

300’1011,46.

6*

 

