40* 116ςὶ1161.

2,38. 1611611161 9,135.1611661 8116166616 4, 116, 11, 212.
3, 312, 13, 21, 11’, 119 felicia 1611166161, 96.
3, 312.’ 1611611612,’ 119. felicior festus 12, 2. 166161292, 1323.
16, 313, 14, 312. felicissimus 16616 1’6,38.1661111661’3,’173.
16,59. 16111111,’83, 1611116159.
1661166 2, 88, 6, 66. 212. 327. 362. 1611116 15, 44. 161116 11, 78.
169, 9, ’21, ’1,’9 323, 13,192. 1611161616 11, 137. 1161661366.
1661166666, ’.216 161616616353. 1336311113.
1661616123, 13,151. 6661111161 11,9. ,
16666116’3, 212.’1666611661,191,1161111611,1’1.6 661116 11,29. 11· 1
3113131 1666111113,131. 313663111361. (11.,111111, ·
fenestris 3, 279. 19, 26,
feralis 3, 83. fieus, 1161 19, 115. ficum 14, 433.
16166161, 91, 7, 181, 11, 61. fides 2,,8 5,,569 13, 82, 44,133.
16166, 212, 1’9, 23, 14, 112, 11, 173. 611613, 211, 13,’ 6. 6116161331.
16111 3, 443 ’(6133 279, ’6,’129. 6116 15’,114’. 118.
16116111 3, 298. 161161’7 55, 13, fidibuseJ 388.
33.1316’,3111.13333131111ἶ1161311633.
feritas 13, 32,’ 66116166,5’53,19396 13119 15,155.
ferme 8, ’13, 13, 236. fidus 6166515. ,
1666661663, 138. figam4, 434 figetl, 23. figamus ³
[31131336. 13633,,113 917. 3,13.1,33,11,3,31.1,13
131311, 1’,13 3,,131 1’, 147. ’13πὲ 6118331 1131111836
315 69 5’,1’16; 639 298 399 11,2, 6611611, 196. figantur 1
7,17,19,35’9,12’,199,13,11.21.7,’1.18 6866116111 11, 28. 611
129,”11,39, 198.’ 1616612, 125, 3,391,13, 219. 6161,’1,56 6111
6, 4. ’1616611661 2, 72, 13, 38. 1’2,169’,
1611613,,251 12 33 161618,’119, 1166111135 1136116 19171.
· 161616,’166.’16161666,695.’ 16- 6,311.
116119,’39. 1111112, 36,6,,132 6311”3’,’11’6,5,,139 8,83, 1126
19,267’,13,165.111’16111116’,315, 6110161116211.
651,11’11611’12,21;6,116.16-6113166333. 61161616 6, 396.
1116615,,1 13,’118.’16’11611,31; 6111113,’11.1 132. 157, 7, 188, 19,
5, 81, ’,11 6, ’,13 179. 1616111111 295, ’,11 151,13,11’1, 111951
6618, 7,’,’61 19,’237. 1611111111, 6831.
61161611661613, 113. 16166611 616613, 487. 6167, 131. 1111111133
19,13. fin 1 ’13, 132. 1163116116 3, ’631
1616112,7.161666161,162. 161661 nge 4, 72, 8, 195. finientem
7,126.’ 15,18. 6661113316161611
1611661131;11,113.13116313313.3,’133.661613,1’3.136131
1619.,) 6’ 23’. (136. 613617, 159. 116166, 272. 661612, 34.
ferro 1611616 (116111.11’119.)7,11. ι,11111111611116 1,6.1161’16168,159.
(331.)11,13.16131111.’
16161166,’112.161113,319;13,28. ι,61166661116111521635,7,138;
16116 1’2,51.1611111’66,”;621 9, 19,163,13,211,11,196.’ 6661
97,15,73165.161133,’,395 5, 21’1. 61166’8,26’5, 1’1,112.
115, 6,’586. 669, 7,,221 ’,19 266’ 66111166 12, 44. 6611111161 15, 33
313, 44, 1411; 11’,22. 474. fio 611, 48. 611612, 162. 161, 5,
161161’,3131911,’;138 8,59. 166. 158, 6,,229 19, 61, 11, 131, ’12’
166111,631.161·166’13’,19.283. 22,’,’11117.’66119,16’7, 6116
1611661661 19, 391. 16116611 11, 77.’255’. 192, 8,.121 66616115
66115,138,’,6’11.251,7611
1311163113. 1616616179 176. 1’77. ’116166 5, 13121611
serm 16111 15,169.161’6611,191. 447. 6613,11ο;6,.331311;7
femmm3,3. 198, 962· ’,19 341. 348. 329, ’11
161333 13 113. 13116313, 111, 11, 313.”,’13311133. 1111, 3311.

 

