Worterverzeichniss.

1, 152. libuit 6, 16. libitum 3,

111111 1, 11; 1111, 6,136; 11, 111.
libidinis 6, 291, 11, 171. libidine
4, 3, 6, 135. 316, 7, 65.

1111 111111 11, 111. luris 1,16.

1151111116176.

libum libo 16, 39. libis 3,167.

licet 1111111, 1,111; 111. 111,
1, 31, 5, 111, 6, 110. 209. 263.
560, 7, 121116, 6, 1116165122.
111; 1111111111111,11111.
111, 13, 663 11, 11. 111. 111, 16,
13. 1111111,111; 3, 111, 1, 111,
6, ἒ35. 1111111111,161, liceret

lictorem 3126. lictore 1111.

11 um11,116.1136113,161;16,11.
' 012, 56. lignorum 1, 21,

{iffi} 7, ἓ3. ligonem 11,63.

5, 1.

1111111111.) 1, 111; 1,11; 1,11; 11,
111, limine 1,11; 1,111; 1,111;
11, 1120 11, 111. limina 1,11; 11,
412 .

limite 111111, 11, 36.

111181119121. linguae 1111. lin·
11111 1. 1· 1

. , .

1111131116533.

linit 6,161, 9, 56.

linquit 6, 227. linquere 15, 152.
hnquebat 6,119.

111111 1, 111, 1,111; 11, 11.

linum lini 1,15. linum 1111. lina

lipp’us 10,130.

lu litis 16, 50. litem 6, 212. lites
6, 266, 7, 166, 16,12.

litigat 6, 35, 7,111. litiget 16, 16.

littera 13,136.

litus (nom.) 3, 1. (11111, 113, 7, 19.
litore 11,111; 1111. 111. litora
(nom.) 1,17. (11112160,

litum lituis 11, 200.

lividulus 11,110.

lividus livida 6, 631.

livorem 2, 61. livoribus 16,11.

locamus 10, 366. locasti 6,185.
locuntur 3,13. 11111111 9,113.

loculos 10,16. loculis 1, 69, 11,
11;11,111.

locuples 6,141, 12, 99, 11, 137.

1066 luem 13, 36; 11, 111.

locus l22.119; 7, 63, 10,110, 15,
37. 11111111,103, 6, 512. 1111

53*

2315230, 5,12, 7, 210. 11111 6,

lodice 1191, 7, 66.

longus 6,131. longa 3, 251, 6, 221,
11, 11. 136. 111111. 111; 11111.
longi 9, 31. longae 6, 292; 10,
275, 15, 96. longr 3,121, 6,163,
1111. longae 6, 111, 11, 111.
longum 1111. matr.) 3, 66, 6, 569,
6, 226, 15, 62. lon o 1, 111;1,
1. 206, 1111116623, 9, 52, 13,
66. 207. longo 1, 11, 5, 60, 6,
111; 3, 11, 11, 111, 11,111; 16,
50. longa 11111. longorum 6,
351. longow, 121, 12, 91, 11,
196. longa 2, 64, 6, 76, 6,17.
longis 6, 310, 7, 162. lon un
(adv.) 6, 65. long& 6, 69. 210. “ 71,
1,11; 11111111, 11, 11; 11, 66.
279. lon 'or 2, 167. lon 'seimus
3, 261. ongissimu 1, 165

loquaci 1111.

11 uor 11, 115. loquitur 15, 112.
1111111. 1111111·
1οί11. 111111111111116,3 . ldque’tui
6,139. loquentur 9, 103. locu·
turi 4, 66. loquendi 2,111, 6,
153. 11111112 20.

lorica 10, 131. loricam 11, 30.

loripedem 2, 23, 10, 306.

1011 2, 125, 5, 165. 1ο11 1, 61.
111116111,

lubricat 11115.

lucebis 1151.

1111111116131, 6, 35. 11111116 1,
51. lucernas 7, 225, 10, 339. lu·
cernis 6, 305; 12, 92.

luciferi 111. lucifero 13, 156.

lucrum lucri 11111111. lucro 6,
611. lumm13,11.

luctantur 2, 53.

1111111111, 157. luctibus 10, 211.

11111111,7.

ludia 6, 101. 166.

ludo ludit 11, 1. ludant 7, 239.
ludere 15, 59. ludebant 11, 96,
11, 166. lusit 11,]60. luserit 5,
139. 1116111111,90,6,10.

111111116199. ludi 11, 20. ludum
6, 61. 111. ludi 11, 111. ludos
6, 61. 111, 11 113. ludis 1111.

luget 111111. lu re 11111. 111-

11111111-
11111Ϊῖ111,’11.’1111111611011,’111. ’ ’

 

