Wbroeweneiehnins.

11,11,11111111 14 205221
15,3116,11111112,1,1735886

47*

55.mpmmm5.ime
5555m555)

194,8,275,1211213,8.1111111 11, 87. 1111101114,137.

11111111016,539. (fme;16572 10,
320,11111.,1111110)469120,5,42,
6, 45. 210, 7, 75, 136, 8, 551
240, 10, 67. 91, 320, 12, 118,
13, 20,3 1,4 223.1111111113,741
5,148.163, 6, 358, 7, 166, 10,
92108120 11,23,15781111111
3134, 0, 182274651, 14, 84.
iliud 3, 208, 4, 102, 6, 33 53.
203, 14, 68. 1110 4, 109. 130· 5,,
139, 6, 263, 7,109, 10,197, 278,
11, 61, 12,20.1111”11,155, 3,117.
274, 4, 84. 93, 8,73, 9, 149, 13,
73, 14, 121 273. 274. 311 11105,
2216250468 13,53. 11112 ,163,
8 23, 9, 115, 11, 177, 14, 76189.
1111011344. 111111,1116117 1110111111
15,]05.11111111111.11111110.,1214140
1,111.111;1,111;1,;111 8, 70,,117
16, 35011352, 11, 128, 13, 166, 16,
4811]1111,,1116317,9,32,10,134 15,
68, 11111111.110,31 1514811101
1,170; 2,.45156,6,110; 8,167.
267, 91114. 131, 10235, 1114123.
11111113,321.11114,150;115,.3149,
939, 10 26 111111061111111012,
33, 4,41, 6348, 8,·258 ,,9122,
11,1241591911]0111.16,284,
5555555555
197, 5,10,13, 6, 36410, 8,199,
1112411), 10, 323, 13, 171, 1371511).
illino 1,156; 5,37, 10,44, 13, 161.
illuc 3, 24, 6, 339, 12, 53.
” 8, 55, 13, 221. imagine 7,
2 , 8,18, 11, 18.
imber 13, 07.
imitatur ’1,42. imitantur 14,167.
imitandis 14, 46. imitatus 12, 34.
imitata 6, 341, 10, 299.
1311100115125, 1111111010107.
inmanem 14162. inmanes 1518.
inmania 15, 104.
immensa 1100111111.) 7,111,111·
3113011011111191 11, 196.
1111111010,324,13,110,8 16,.9
immolat 15, 118.
impar3,16’1.inpar13,166
1011201133, ιῗωιῗ111111ὧ12Η 19, 15,
imperii 311265, 11, 105. imperio 6,
135, 16, 343. iinperium 16, 79,

111111εέιί imperat, 6 64. 224. imperet

impetus 15, 62.

implet2, 93, 6249 546 9,,56 14,
30.288.1111101116,3111.1111101111
6,.601 1111101114, 41 iiiipiievere
14,215.1mplevero6, 66. im·
1101111124. 1111111111 5,75.111
1111111. 1111110101631 inplevi
14, 321. impleverim, 58.

imposito 6, 334. inponit 6, 444.
{nliffilii’0ffl 1211111118 1111131111

impgobitaa,16,365. inprobitas 13,

improbum, 282, 9,6,3 16, 371111-
,110111111οέ31111911οἓ86.1605, 13,

11110101
111111Μο11,152.11111111101,3,4
imputetfi, 179, inputo2, 17. in·
11111115, 14 15.

111113131031111, 3131111131. 2114113, 170,
2, 28. 68. 79. 136. 139, 3, 17, 30.
55. 62. 78. 122. 225. 227, 280. 322,
4, 68. 73120128145, 5,142, 6,
183. 311. 410, 431. 406. 521. 522.
543. 563. 623, 7, 7, 8, 180, 9,
111, 10,18.46. 65. 87. 160. 180,

· 254 314 11 40 156 204 ,12,110,

5,5.555.555;5
155555555
(55.m‚55555.
15w5255555
Μ.3Μ3Μ133Μ
Μ3Μ3Μ3Μ3.Μ
5555;555.
3;ΜΜ3.31133
55555555.5.
555515565
ΜΜΜΜΜΜΜ
Μ131331313131
ΜΜΜΜΜΜΜῌΜΜ
ΜΜΜΜΜΜΜΜΜ
555555555
555555555.
555555m5
5555555555
555555555555
5555555.
555555555
5555555555

 

