64*

1616666661.) 3, 286. (aec.) 9,105.
16111166 13,93. 164.

161163, 266. 1611111111, 192, 10, 21.

16663, 66.

1661616116 6,132. lupanar 6,121.

16661662112.

lupini 14, 163.

1666611111),156. 1611660128. lu-
6611 10, 226.

lustrabit 6, 582. lustravit 2, 144.
1166611Ξν61160,518. lustrari 2, 151,

luteo 11, 111.

1666161166 1,131.

16661111 1611.) 6111, 616, r,
186; 14, 35. 66.

lux 11,1; 11, 110 11, 105. lueis
13, 88. luce 6, 312; 8, 151, 11,
166, 16, 43.

1611611116,293·11,22. 1616111161,
140,11, 45.1616116614,137.
1616116 16, 45.

luxuriosa 11,’ 11.

1116116 luxu 6, 299.

macelli 11, 16. macello 5, 95, 6,40.
61666111111,64.

macer 6,136. macri 1, 29. 166611
14, 146.

11166161016. 6166161615,101.

mactare 12,115.

maculam 14, 2. 1111166111 (dat.) 15,
161 (mmor

6661666161 1, 46.

madeo 1661166116 13, 85. 1661166114,
34· madentia 6, 319. 1666661661

6166111666, 291, 9,.51 6161116110,
199.1661111166’6,413.166111116111
3,1.1 madido 13165 1116111115
1,11.6111161’,1111;1,161
6161111116 10, 118, 15, 41.

maenades 6, 311,

6166161610245.

maestitia 11, 63.

maestus 61666162,109; 1, 60. 6166-
11311110199.

6631666155 1116316666,.610

11163161,1.5;22,16,4,,1196,61.
488413, 6,’222, 11,’1.64’5. 169,
13, 192, ”,14 113. 266.

magiiter ’1,11. 111, 1, 11, 11, 19.
magistri 5,122, 7, 212. magistro

1163166111.

14, 212. magistrum 14 446. m·
31661611 3226 1663116161’1, 154;( (

6163111116, 361, 13, 22.

magnus 1,111; 1133145, 6, 554:
16, 166. 1663116 2, 14,41, 1. ,
111. 212, 655. 531 544. 613·
121,10,8’2; 1019100110,
11181ῃ1ω1285 ,21,3 111118116913121.
364. 1116361164, 74, 5,14,1,
10 39 15,41. 1116316431 1
521), 10, 213, 14, 224. magno 10.
240. magnae 4, 20, 10581113·
1161610,,65 14, 312. 1116311112.
80811,11,0,’341120.141;ῖ.
101. 130, 11, 123· 14,241·, 16.
21.1663’1153,142’.194.24ῖ,4.
32, 8,13. 112· 10, 351, ll 50
14,’14.11163111’1 3, ’1661016 481.
244, 013410, 11, 3213616
616366’6,;394 1,0'111; 11, 101
magnorum 14, 102. 1663661663.
72. 61636116,,914,189. 613-
6616,313.459,10,10.111631111
7,44. 61631163,39’, 1,91,11
10 49 12,110,16,14.111113111
(1111116113 24114 32 (1661
235, 6, 88. 108, 14, 216 (1161141.
4,11,’10,259.166161(616111
86· 4139 8,,141 13121
114. (1211610106, 5,111,0,551;
0133,10,14.140.2’33,11,1οξ;
1322114,142,15,159.16616111
(maest) 1, 131, 15, 162. (semi
29, 3,115 1661616166,;33813.
73163. 1111116605686111106
(61616.,)3100,11,1,13130111
(sem.) 14, 303. (116616355ου 10
289. maiores 14, 464. 1661111
10,131.311,14,1.11 maiorem
21, 5,,1161351111616162111
4.11. 66, ’8,252, 13 144. 61116
ribus 13124 6611166133Ιο
1193 61611166(6661.11“113.5.01
99, 10, 24, 12, 52, 14,41. 666
31111116, 155, 6,.112

’6111111611’1,’113’, 3,,114 11. 111.

maiores (611666) 14 109. maioma
1,00;1,201,8,322.64.140
211. 474; 14,193, 1032. maiores

11161116 15, 54

malignis 16,111.

161116 0166. 161, 8, 269, 10,124;

 

