50* Register.

111111111111 11, 10. is 1113182, 3113, 7, 161, 13133,
1111111 3, 211. 1111 1, 67, 7, 36. 1111111168. istud
invadunt 2, 20. 3,187. 11112136, 1111116295,
invalidi 3, 88. 1111111131. 11111,11;1,111;
invenit 3, 260, 9,8, 13,23. 137, 15, 9,13, 11111 11, 173.
11. invenias 2, 5. 1111111116, 11111323.
203, 8,.13173, 13113, 15,123. ita 2, 33, 5, 53, 6, 222, 13,91,
1111111113, 232 111111111317. 11117,172,10,20.
1111111113, 30. 1111111111 11, 75. 1111111113,131,1,1,7,95;12,25,
inventis 13, 63. iuba iubis 6,10,
11111111111115,117.1116116,223, iubet 1,39; 2, 7, 3,
inverso 3,163,111111111 11, 187. 31. 133. 231230, 6, 323111121,
invidet 13223111116111 1, 3,3 11, 511, 1,102, 11, 31. 212. 306, 15.
110.111111113,218.131. iubeat 3, 123, 6, 98. 275,
1111161115,35,111111111110,51.111- 1111111113111. 1161111131,
vidium 11, 111. 15, 150. 1111111111111111111
invidiosa 13, 113. 6, 37. 622, 10, 275. 1111111111 371.
invitatus 14, 131 iusserit 6, 526. iubetur 61111,
invitus 11111156212111111111108, 7,11. 1161111111, 111, 3, 65, 11.
1111011113, 607 108, iussus 5, 12, 3, 210, 11,
1111111115126. 331. 1111111315. 111111111101,
11111131311111016371, 11111111 3,65.
focus ioco 3,10. 1010111113117. iucunda 4, 81. iucundum 5, 1111.
¹⁰
. iucun ’111
112, 3552, 531, 1,33, 123111, iudex 16,13 2311611112 75
3,11.75.117.113, 1352. 230. 11161111,12,1,13.111, 3111,
251, 363, 11,62,19. 160, 12, 35, 13, 3,
13, 56, 11, 127. 211, 15, 3315. 11161110 1, 48.
1,)113,95. 172, 6, 203, 253. 231. iudico 11161111 13, 226.
322101 130 610 10 291 13 ,23; iugera 14, 163. iugeribus 2132.
11,139.111111111111)7 233· ,3, 11131113,112,1,.7 1151111113,
262, 10, 235, 16, 53. 4s0m46, 30
530, 1,)1115, 107, 6,·519 ,,8168, 111111111512, iugulata 12127.
13,.1 11111112,117,3,2,32 1, 11,,761111111111, 3 318. iugulum.
28· 5,56111;6,111,8,133,111,
132, 11,3, 14, 137. 1,)111116,”.113 iugum 4.nom49, 57, 10, 135. 1111
333566,10,111,13,151.1,1111111 6,203,13,22.111318,63.11,1
5,,6 12,10.1,1111,33,11,203,(11111113138,(111.)3,191.11,11
1,)111076,12,11, 13, 180 11, 6,3.13 ·
235, 11111,111;1,1111;1,1;11 1111111011,77.111111111113,,.3163
61,3,231;15,53.1111116,211.103;11,117.11111111111 3151.
11111,133.1,1111·111113,138,13, 11111111111,,5 7,133
1148ss ipsis (1111111,,)2 31, 13,,7 11118131051111311111611. 1111·
13, 19. Ι11111111.) 10, 113. 31131101 ,11111113 33111111131131111 ,
1,100, 6,,317 9,26,10,305.111116,2.00 1111111112,.16 4
6616666, 63Ξ52165135, 116611 661111.) 11123616.Ι (111111,,)5 26· 15, 5’1. 4aeelfi
em)
11,71.166.(111111.)5,135.1111111118156;13,76.1111113
1111,115;6,617,13,100.116;15,111.11111116,11.1111111111.31
131. 11111 (11116.) 8, 33, 13133, 1111111111 13 202 1111111155
15,133.1111113,1332351111,11111,56,16,51,111111 1,128,1
15,11,5311111,168. 139’; 6,211,11,.51 ius 1361
11111110, 360. iratus 13, 226. 11111 101, 44, 101. 111112, 31, 11,13:
111311.1111113,13.1η111,299.11101. iura (1111111313. 1111
1111111(11α1.,)1 116. (161),1 50. 2, 51, 3, 37, 15, 135

 

