20*

arcessere 11,17,

archetypos 2, 7.

1106111131119,109,

1133131611371ὁῖ1ωιι 10,136. arens

adim-70 3,215; 6,112, 9,96;
10,612;111,6;151,36.111111111111
156;6,1139111,3019.11111111,151
6, 21091. 11111111 (meae.) 1,1651
1111111133116 11, 155
ardentis 10,130. ardenti 2, 165.
ardentem 16, 253. ardente 14,
118. ardenti 3, 231; 11, 22; 15,
81. ardentibus 12, 22; 15, 52.
ardebant 6, 618. arderet 1,139.
ardebit 3, 291 ; 10, 27.

ardor6, 311.

1111110311115,16.

argenteus 11,11.28113011111 (110111.
ain p.) 6, 5318. (00111.111111111.,.)621

23313 3 13, 311111 1³0 ²43
11,11.109.1131111101219,111-
33111331 1, 76; 7,133; 91, 31; 12,

11311111111131,

argumenta9, 85.

113ιὸ3 arguit 'tii’ 33359113111111111,

ar 1

arida 6, 1161111011.

111111111,183.1111111111,117.

emmonim, 121, 15, 1211· 16,18.
(110οἾ12159;8,2132.1270;110,1267;
11,51111111193.6,1261,11292
3152200. 221, 111,11;109 13, 1681

11111611161111333.

1111111117,11.

armati 16, 31. 1111161111 2, 101.
111111103306. armatis 6,151.

armentum 12,106, armenti 8,109.

did 1611611111ἷὲ01 111

1111111135θο 11111116,152; 7,
177. arte 1,123. 6,199;10,110;
11,171; 12, 67; 11, 31, artes 6,
595; 8, 221. artibus 3, 21; 15,
115. artes 4, 161; 1, 36; 11,100.
artibus 14. 73.

artifieis4,18; 10, 238. artificem
11,116. 11111101111111,102. 1111-
11111111.

arreptae 5, 72.

0111111111 3, 236.

1111111000. plur.) 15,101.

11113110.

Register.

arx 11011111, 145. aree 3,192; 16.
307 ; 11, 87; 15, 146.
1111111115,111; 11, 301. asse
16,1l6. assibus 11,115.
aseendit 1, 82.
asellas 6,169.
11111111,97.1111106,331,11111111119,92.
asparagrrag1,11es. 1111113656.
aspectu 6,1161, 1
aspera 11162. p
asperpo 1131111115, 104. 1
asprcrmus 15,169. aspiciat 14. 69.
11111012, 166; 580· 6,;261 10
193,209;12,161;131761;11,275
sapiaere, 7 68111310111115,56
aspexit 151, 71 aspiciendus, 19

- 111. apodes, 111

1111111208.

'asser 11111113,215;7,132,

1113,;69 6,61; 81116 11,216; 13
781651 16,118,

1111010311 1116, 1,551

11111111111111016, 570; 10, 313. am
1111113,13; 6,586,

1111103273.

at 1, 50, 3,.131 216. 261; 1,120;
5,1;3616,1659· 7,;80 81521151,
207; 19,217. 1313 10, 3152; 11,1113
13,1801; 11, 189.

1511013,13,112

1111161113, 51, 11101116, 350 atris

1161111116, 356.

1 ue 1,16567. 1151291301511
11.11.59 171; 2, 15. 31, 35, 61.
·86, 102.1.291151; 1,,.ῖ.33231 113
115. 116151. 1601211, 255210
313; 4, 16. 92. 105,131.150; 5,1,
167; 6, 20. 22. 69. 85. 111112.
125. 110. 177. 216. 210. 215. 219.
271. 285. 297. 335. 33111113
137. 168. 171. 181. 499. 587. 59·
597. 603. 621. 655; 7, 23. 35, 3·
61. 99. 102. 126111. 153169-
201. 213; 8, 20. 105123. 195116
153. 170, 195. 221. 231. 251. 2593
9,11; 69. 92; 10, 3, 57. 61. 89. 61.
139. 160. 180. 197. 203. 211. 219,
257. 295, 298, 309; 11, 10. 56 99
122. 138116, 1501611111 1799-
180; 12,10. 71.90.121; 1614
89191 116. 158.238;111,1609,
164. 166. 206. 252. 2151, 2158. 211-
308, 310318 15, 6183319 979
164. 114. 131. 131511311515 .
16,12.35.

 

