Wbrtcrverseichniss.

3243 11, 1,11. 59. 36. 13s.1e3;
12, 5. 13. 26. 11. 18. 51, 52. 62. 79.
191, 19111. 191115. 111. 111.
111. 115, 11, 11. 111911, 191.
117. 135. 152. 169.177.191.207.
218, 279. 298, 15, 27. 38. 15, 51,
er. 11, 91 (111, 191. 114. 153. 119 ;

11111111111, 96, 2, 120, 3,2,65 5,
101, 8, 190, 10’, 161. 333;11, 195.
11111116, 263,10,213.111111111
3,155.11111111 7, 12715211-
dentis 7, 13, 10, 93. 1111111111,
7111111111 7, 221 11111167,
223. sedit 1, 76, 8, 63,

sedes 12 71 1111111132,

seditioni 15, 61 seditione 2, 21.

11111111111119.

segmentstis6, 89,

11911111εὲ111 sgegfimcnts, 2,121.

ss 7

se 7,112 11111111,121, 6,353.
111113, 136,

semel 3, 1³1, 4, 119;1,111,1,111;
111111.

semenstri 7, 89.

semesum 5,167.

1111111111111111,137.

1111111110363.

semivir 1,119.

semodio 11,(11.

'⁶1¹6‘ 1361343334143
9111111. 609; 19, 19, 111. 191;
13, 190, 11, 14. 118. 205. 267.

senatori 6, 82.

senatus 11, 29. 77. senatu 8, 93.

senectae 13, 59.

senectus 1, 111, 3, 26, 1, 81. 97,
5, 91, 1, 91; 9,119. 199, 19,·11.
130; 11,11;19,111; 14151.

senescit 7, 52. 11111111110,215.
senuerunt 6, 59,

1111112112, 3,;117 13,185,11,
57.181.1111111,19,6,622,8,
153. senem 14, 4. senum 10,
198. senibus6, 160. 1111191011111
6,215. 587. (voc.) 13, 33.

11111111111)8,73.19111.)15,133.
sensum 15, 116. 1111111110210.

sententis 2, 62, 1,136, 6198, 8,
11111191.

1111111699,

sentio 7, 56. sentit 2153, 6, 362.
sentiet 10, 215. sentire 12, 98,

Jnrsnsl (Begistsr).

81*

13, 5. 238. sentirent 15,12. sensit
14, 311, senserit 15, 90. senserat
1111111611, 111.

septem 1, 94; 6, 612 (611) 12, 59,
septimii& 6, 517. septembri 14,

septenis6,183.

111111111ὂ11,11,10, 15,11. septime

sepuicri 6, 230. sepulcris 10,116,

s 11111111,1,21 3,,215 250· 61,00
0, 73, 117. sequuntur 11], 58.
1311111139,3 1911111111Β 111111 112 88
1111111111, 164.

11111116, 317.

serenum 7,179. sereno 13, 228.

serius seris 11, 93.

sermo 2, 11, 3, 73, 6, 193, 8, 39.
sermonem 3, 87, sermone 6, 189.
119.11111ο111119,19;11,111

1111111119, 128, 12, 81.

111111116132, 538, 8, 211, 11, 114.
serpente 11,71. 111ρ11111111115,
15911 1111111115, 91, 15,3,

serraco 3,25 11111115, ’123

servire 7,11, 10, 181, 12, 106.
serviret 1, 38.

111111113125.

servo serves 9, 51. servet 3,113,
1, 60, 7, 138. servent 14,101.
servet 14, 113. servare 2, 7, 6,
651, 11, 83, 11,129.262. servabat
3, 206, 1,59. 111. servavit 3,
139, 0, 80. 111111111571. ser-
ventur 8, 258, 11,301. servate
12, 6. 111111911111111111.) 4, 68.
(cestr.) 16, 286. servato 16,16.
servatii 6, 453. servatae 11, 71.

serus sero (cdv.) 1,169.

servulus 3, 253, 11, 67,

servus 6, 219. 222, 8, 266, 9,15,
10,12. servi 6, 279, 9, 119. 121,
servo 1, 93, 3,131, 6, 219, 9, 5.
serrum 8179, servi 7,111, 9,
103, 10, 87. servorum3,161; 6,
332, 10, 231, 12, 116, 11, 16126.
306. 1111113, 189, 6, 331, 7, 201.
servos 3, 111, 6, 511, 11, 191.
servis 5, 66.

sescentis 7,178.

1111111111111111.) 7,186. (acc.) 1, 92,
2,117; 1, 16. 29, 9,11, 13, 71,

seu 8, 26, 11, 32,

6

 

