74*

quare (intmoq.) 6, 136. 492, 9,1.
(rel.) 6, 292.

quartanam 4, 57.

quartae quartu 9,17.

quau 13, 225.

quaeue quassae 2,139. quassatum
5,43.

quatenus 12,102.

quater 7,122.

quatit 12, 5. quatiente 13, 195.
quatiere 13, 171.

quattuor 5, 47, 12, 59, 13, 53, 14,

que 1, 12, 14. 54. 71. 32. 33. 116.
129. 121. 128. 132. 133135136,
143. 162. 164, 2, 17, 31. 46. 54.
77. 81. 9496114. 122. 144. 146.
154, 3, 11. 1435. 5955. 56. 71,
7232195. 117. 123. 142. 147.
158. 169. 179 (bie). 174. 177. 296.
211. 219. 226. 238. 242. 256. 265.
276. 299. 329, 4, 3. 13. 41. 42. 45.
51. 54. 53. 69. 7433113118.
125. 133. 137. 133147152, 5, 23.
31. 34. 36. 49153163. 65, 79. 75.
77. 144 (bie). 154. 169169, 6, 2.
3166). 6. 11. 26. 31. 49. 62. 6379.
77. 33. 36. 87 (bie). 88. 92. 95. 198.
111. 124131 (bie). 1331513). 134.
135. 145. 149. 159. 152165179.
175. 179. 183. 299. 211. 225. 236.
233. 244. 243. 251. 256. 263. 273.
276. 289. 299. 293. 294. 297. 319.
311. 315. 3161591. 343. 3491515).
359. 369 (bie). 374. 377. 384. 336.
391. 499, 491. 497. 493. 419. 424
(bie). 452. 454. 461. 472. 475. 437.
438. 491. 493. 496. 497. 595. 512.
517. 527. 532. 536. 537. 539, 542.
553. 561. 575. 583 (bie). 586. 599.
692. 697. 693. 699, 622. 635. 637.
639. 659. 658, 7, 3. 9. 15. 19. 21.
27. 341313). 47. 43. 53. 69. 61. 64.
67. 39. 34. 85. 112. 132169139.
293. 293. 215. 221. 232. 234. 241,
8, 4. 5. 17. 25 (bie). 33. 34. 51. 53.
67. 72. 31. 38. 97. 192113115.
117, 118. 123. 131133139143.
155161. 163. 169. 132. 133. 223.
226. 233. 234. 236. 251. 257. 279.
272, 9, 17. 26. 29. 31. 36. 47. 52.
5772127. 137, 19, 6. 11. 15. 29.
39. 39. 59. 53. 58. 66. 199. 111.
129. 131. 135. 138. 143149159.
152 (bie). 161. 179. 176177192.
193. 199. 291 (bie). 242. 244. 259.

Regieter.

262. 266. 276. 237. 296. 369. 363.
334. 343. 351. 352. 353. 354. 361.
366, 11, e. 12. 35. 36. 41. 71173.
30. 103. 197. 112. 117. 127. 143.
154. 163. 174173. 1331513). 184
196. 133. 234, 12, 6. 3. 16. 15. 13.
mummuuuuu
1083 13, 13. 28. 31. 37. 47. 53. 63.
uuuuuuffimm
umufflumuffiu 1
133. 265. 206. 212. 222. 246. 243,
ueuuuuuuuu
77. 78. 88. 119. 117.118. 132133.
142. 146. 162. 167. 181.187.18-1. “
ΜΜΜΜΜΜΜ
266. 2731531). 278. 282. 231. 236.
mmmwfflfflu.
17. 41. 43. 59. 73. 32, 35. 119.
129. 125. 144. 145, 16, 20. 31. 34.
queas 14,257. queat 1,29; e,15; 1
ωωωψ
quereus 14,134. quereum 6, 387.
querellae 1619. querellte 13135.
querellas 9, 94.
queror quereris 2, 131, 13, 71. que·
titur 6, 36. queretur 10, 251.
(1311333138133353131311ῗί3ὲῖ
uuuuuuuuuuu
194. 121. 133. 153. 215. 245. 257

5, 41. 73. 36. 154. 179, 6, 35. 514
533. 557. 533. 537, 7, 23. 54 {tu

119. 131. 141. 173. 134135219.
224, 3, 39. 59. 141. 199. 131, 3. 7.
45. 96. 112. 122146, 19, 7399.
194. 199. 132. 214. 243. 259. 269.

1
1
mmstmmmm·'

mmmmmmm
muuummffl
meu1uuuuuuu1
mmmmmmm
mmmmmmm
uuuuuuuuuu
wfflmwmmu
mmmmmmm
mmmmmmm
mfflumuMMffl
mumumffiffium
fflwmmwwffl
mmmwffluwu
umwumuffl
ummummffi
mmmmmwwa
mmmwwwm
euuuuuummuuu

 

