64*

operae 9, 28, 12, 127, 11, 281.
operas 6, 383.

operit 4,12. opertis 6, 433.

operor operatur 12, 92.

0010006155. opici 3, 297.

opimam 10, 281.

00061111οι01 2, 41.

oportet 11,297.

ορῖὲέιι (nom.) 15, 8. (aec.) 3, 35, 8,

opponunt 2, 39. opponere 9, 86.

ῗὲἑ101011 19,ιέ5121. 1ἓο001110 11,

0001010066ῗ66 ’

001010 ef. obruit

ope opem 12, 33. ope 14,183.
1136611161.. itit: {333
3, 235, 6, 88, 8,185, 9, 199.

opstat es. 061101

optimus 4, 78, 19, 331. optima
(0011111119.) 1, 38, 3, 223, 6,136,
15,133. (aee. plur.) 1,135,

opto optes 19,189. 0011116487,
16, 80. 115. 289, 11, 119. 0 1013,
276. optare 19, 115, 13, dd op·
10011601 19,1. optabat 10101.
optabunt 10, 316. 00111119, 293.
1111331313323331
16111. 0111011011 adq.) 10,
187. (1101110101.) 5,117.

opus 7,266. opere 8, 224. operum

opu's (00 1,111; e, 100 10, 115.

01000106555.

orator 7,193, 19, 118, 11, 34.

01611 (nom.) 19, 168, 15,119. (qen.)
4, 148. orbem 4, 37. 132, 5, 21,
6, 293. 196, 19, 49, 11, 175, 14,
313. 0160 2,198; 6,11.192, 10,
1113.0160111,122. orbibus 1,

0161111137.

orbus orbi 4, 19, 6, 548. 01616,
279. 0161 12, 99. 01601010 3,
221. 016113,129.

orchestra 7,17. orchestram 3,178.

0160 3, 281. 0161011141. ordine
1, 127. ordinibus 6, 592, 14, 321,

orexin 11, 127. orexim 6128.

ergene 6, 389.
Q 119 dio. ori ·· 1,10.
onffirentum 3, 29 . ornaments 3,

Register.

ornatum 19, 321.

mo ornate 12, 83. 01011016253.
01000101 6, 79. ornari 6, 111.
01011016227. 0101111161.

010011,11. ,

ond 8, 67, 19, 259. orandum 19.

0110 8,11.

oryx 11,119.

0106119238. 010 3, 267,7, 167;
19, 232, 11, 138. 295. 011 (011,,
3, 219, 6, 43, 8, 35, 15, 137. ,

01 0110 (000.) 3, 259, 8, 99. 146, 15.
58. 0111601 15, 89.

0101ὄ171 (nom.) 6, 367. (aee.) 6, 51.
0 .

0111101 ξνέωη. etseq.) 5, 53, (0001111111.Ι

, 1. .

01100611 13, 127. ostendit 3, 151;
6, 589. 0110060113216. ostende
11, 69. ostendere 8, 2, 16, 19.
ostendens 1,124, 12,13. ostende ¹
61111,97. 0110060101 19, 53, ,
11, 197. ostendit 1,81, 6121. 1
01100611017,9.

ostie (11001.) 13, 27. (aee.) 1,13, 8.
111; 0, 101.

0111101ἑο00.) 4, 112, 6, 392, stt:

0111 11,191.

ovili 6, 629.

0011 ovem 6,159. ores 1,101.

ovo 010011 8, 28.

ovo 5, 31, 14, 85. ove (110111) 11,
71. (000.) 3. 292. 0111 6, 518;

P.

paciscor paetum 6, 25. poetam 6.

paelex 2, 57. pselice 6, 272. 627.
paene 1, 65, 6, 563, 9, 79.
poenitet l, 179. ,000110111111
0000110111293.
paenula 6, 79.
paganum 16, 33.
pagina 7,199; 19, 58.
011,154.
1, 130 10101.
palato 10100 11,11.
pellis 19262.
pallet 2, 59, 11, 18. 0011001 13, 223.
1110111,13. 0011010197. psl·
111111 1,111. 1110111301.
pallidulus 19. 82.

 

