Wtrtervemeiohnim.

75, 12, 123, 14, 55. tabulis 1, 53;
1,11; 1111.

ntuputnom13133. (550.) 13,

taceo 13,127. taces 3, 26. tacet
1111. 11551145,153. tamt
3, 111.115. 1455 3, 51; 3, 31.
11111111 1, 115. 145411153,14.
tacendis 3, 53.
11111111111, 3, 11. 1451011,131.
tacitum 13, 209. 1111111 1,161.
taedae 13, 53. 11111 1, 151, 1, 31.
11111112, 158.

11111111, 11, 111, 1111.

1111111115, 11, 111. taeterrima

11111111 14, 314.

talin (msam.) 2, 156, 12, 193, 13,
41, 14,166. (yon. sem.) 11, 207.
1111111111.) 111, 1, 111. 1 sem.)
3‚53. 11114,22;15,14.115. tali
5,111. 1111 11, 11111. 1111
12, 23. 11111 8, 302. 1111116,
111. 11111, 1111, 14, 155. 335.
talibus (mate.) 11, 42, 14, 219.
11111.) 15,11.

talo 1,15.

tam 1, 31 1111111, 111, 1, 1111).
111, 1, 35. 11, 5, 11. 111, 1, 113.
311.333; 13, 5. 355; 13,33.31; 13,
1. 33. 5111111, 11, 11, 15, 33.
131;15, 35. 35. ·

tamen 1, 11. 11. 111, 1111111111,
1, 3. 11111111111, 4, 11. 53.
53, 135; 5, 5. 15. 1111. 131; 5,
35. 55. 58. 193. 128. 191. 191253.
286. 355. 359. 369. 413. 434. 551.
555. 111111. 514. 111111, 1,11.
48. 93. 193. 135. 202. 216. 228, 8,
47. 188. 135. 198. 232. 249. 255.
111, 1, 11. 11. 111. 111, 11, 143.
154. 111. 113. 343. 331. 151, 11,
35. 62. 134. 168, 13, 1119111192.
294. 239, 14, 66. 93. 191. 226. 212.
111, 15, 53. 113; 15, 30.

31116, 1111111311. 33⁴1
111, 1,11,1,11, 111111, 11,
111. 112. 243, 15, 174.

tandem 1111, 1,11, 1, 351. 435.
111511, 111, 11, 15, 11, 111.
248,14,163.

tangunt 13, 33. 1118111111. tan-

,11111219 tetigit 1111, 7,

tantm tanta 5, 111.111; 11, 111,

87*

15,130. 1111111112127. temti
(masc.) 11115. (mutr.) 3, 54, 4,
26, 5, 9, 6, 137. 178. 626 (611),
16, 97. 343, 13, 96, 14, 299. 111-
tum (1111111111.) 13, 43. (neutr.)
3, 144, 6, 535151'4); 8, 249, 19,
238, 14, 153. 233. 1111111127.
111111 7, 84. 85, 1111111118, 8,
146, 10,149; 14, 264, 15, 89.
11111116, 161, 13,114;14,333. ten·
1111199111.131.136,3,289.392,
1, 1, 1, 111, 1, 111. 151, 1, 1. 31
15115111, 3, 51; 3, 111,11,11.
231, 11, 37. 159, 14, 51. 278, 15,
118149. 166, 16, 44.

tantadem 1111111111111. 111-
tundem 10, 91.

1111111114, 107. 111111111582. tarde
11116. 111101144. tardes
14, 248. tarde 6, 477.

taurea 6, 492.

111111111211. teuto 8, 82.

1111111 1111.

11111111111111111 6, 334. 111111 15, 154.
1111113211. 1111116289, 8,77.
tectorum 3, 8. 1111113269.

11311115, 8, 7, 221. tegetem 6, 117.
tegete 3113.

tegimen 6, 251.

tegit 11, 158. 11μ111116, 43. tegant
3135. teges 3131. texit 3,
195, 6, 44. tegitur 1, 11135, 154.

te · 14, 111.
1,,11 1, 111.
111 11, 51.

tellure 3, 33.

3355 151115,53. 551513, 111. 5515
rum 13, 11. 5515 13, 111, 15, 11.

temerarius 5, 129, 14,215. teme·
11111 5103.

temetum 15, 35.

temone 4,135; 16, 135.

tempero 3, 381.

tempestas 13, 34; 13, 228. tem·

11111 4,140; 5, 11, 1, 1. 111,

1} 261, 14, 533. tempestatibus

templi 11111. templum 13, 313.
templo 1,115; 9, 24, 13, 295.
templorum 11,111. templis 8,
111, 11, 11, 11, 1, 11, 11. templa
15,43. templis 8, 113.

temptes 3, 331. tempta 7, 115.
temptare 10, 335. temptarent 1, 5.
temptaveris 5,126.

1111111112, 115, 3,153; 16, 49. tem·

 

