18* Regiitar.

13,111,11,11.131;15,11. 511- 1111111111111.
uia 1,11, 3, 155. 111; 1,111. amm 11141. amaras 1,11.
'quem 1, 115; 6, 28ος 11,166; 11111112,168. amatorem 6, 515.
15,115. aliquam 11111, ali· ambiguae 1,11.
quod 13, 38. aliquid 1, 13; 2, 2. ambio 111111111648.
51, 1,11.111.111; 1,111; 5, 31. ambitio 1,115.
11111, 1,11.111; 1,11. 55, 1, ambitiosi 1, 51. 1111111111 1,111.
¹393 11,111.154; 14, 203.323; ambo 2, 153, 9, 66. ambae 111311.
15,11. aliquo 1,111. aliqua 1111111111.
6,15. 111111112149. ambulat 1,115.
111111 3, 281; 6, 11. 619; 1, 220. amens 11, 94.
aliunde 1,11. amethystina 1,111.
alius 1,11; 5, 51, 1, 111. 115; 11, amicae 1312.) 5155, 1, 51. 11.
251; 11,11;11,11. 11111114,18; 1, 52, ,11,1, 20. amimam.
1,199. alium 9, 92. 11111111, 151.
135, 5, 51, 1, 501, 11,111; 15, amicitiae 111; 5,11. 11111111 1511.
122. aliud 6, 13, 12, 24; 14, 1111111112,82. 1111111111142.
111 155), 15, 151. 5110 111; 11, 1111111111 1,111; 5,111; 5111,
151. 11111 111; 1,111. 151. 1,111;11,15.11. 1111111
1111 1,11. 1111111 3,15, 1, 5. 3, 1. 51.101.111, 1, 11; 5151,
155. 11111 1,11. aliorum 1,11, 3, 51, 15, 231, 11,11; 11, 55, 11.
11111 1, 111; 1, 111; 5, 51, 10, 131. 11111511 1,11;11,11;
150, 11111. 111111,115;11,11; 11, 115. amioum 3, 115. 111. 111;
11,111; 15, 51. 5115 1,111; 15, 5,110. amieo 1, 51, 5, 115. 1111
35 (111. aliis 11, 53. 1,111. 11111111,111;5,111.111111
alnum 1,111. amieos 5, 313. 515, 11,11; 1111.
aloes 6,181. amaa 11111111 13,134.
alpha 14, 209. amnis 13, 69. 1111111116522. 1111-
altaribus 11111. altaria 8,156; 1111118110. 111111110111,
1151, 1353. amo amat 6, 253. 608; 11111.
111113, 132. 149. 246; 4,11; 6, 421; amant 6, 112. amaa 6, 02; ῖ, 1.
1, 95; 9, 66. 145; 10, 28; 11, 1111116,404; 12, 130. ammi.
53 (111; 11, 115, 11,11; 11, 33. 111. amantis 1,111. 111111
62. 1111116, 141.141.115;1, 16; 208. amatuma 6, 201, amm
1,111; 11, 111. 111. 111; 15, 13. 15, 55. amaverit 11, 111. matur
111111111111111116, 11.141;11,111; 6, 143. amatur 6, 15; 11, 131.
15, 39. 111111121ος 14,131. 11111113,186. 111111110211.
altera 3, 55. amoeni 3,1.
alternum 12, 31. alterna 6, 268. 11111114,108;8,159.
1115111 5,115. 168. amor 14, 139. 238. amorem 111151
altisoni 11, 111. 11,111. amore 1, 111.
111111 alta 1,111. altum (1111. 111111.) amplectitur 10,141.
6, 634. (matr.) 1,16; 6, 502. amplexu 6, 55, 9, 15.
alto 11115. alta 3, 69. 136. amplus ampla 12,10. amplior 1.
11111,11. 11111,115;1,115. 111; 11, 111. 1111111111. 1.
altae 6, 31. alta 5131. 11111 148;6,119.
0, 601. altos 13,155.115. alta 1111,154; 2,15.121;3,33,1.111: ¹
6, 131, 14, 88. altis 8,106; 10, 6, 51. 75. 381. 113. 551. 531, 7=
35. alte 3, 256. altior 111111.) 141.142.162.163; 1143, 10,1101 ,
1,111; 11, 111. (fan.) 13,113. 11, 31, 13,15.153.1111, 1111.
1111111588. alveolos 1,13. 265; 15,11. Ι
alveus 12, 30. anne 111; 1,111.111;11,11.; ,
alumnua 111; 14, 241. alumni 15,122. 1
11, 98. alumnoa 6, 609. anabathra 1,15.
alutae 1,192. 11111114,282. 11111111 ancipitem 11, 32. 11111111
alvus alvo 5, 7. 11, 212. ancipitaa5,116.

 

