Warterverreichniss.

61113111 2,10. damnatos 15,11;
damnosa 1,101; 14, 4.
611111136313. 6111113119,125,10,

113. amno 13, 133, 11, 33, 13,

129. damna 12, 53. damnorum

3, 333, 333. 3111133311.
ae 1, 51.55.151; 1, 1. 13. 11. 31,

3, 123. 115.154. 259, 4,11.11.

30. 33. 11187. 126. 141, 5, 25. 33

(6111106165161,6,33.45.16.161.

186. 181. 221. 286. 344. 385. 396.

421. 565. 566621. 643, 1, 66162.

191. 198; 8, 21. 4366161. 134.

1111, 133, 3113. 113, 10, 15. 29.

89. 101. 134. 251. 252. 282, 11, 5.

65. 13, 12, 116, 13, 6. 92. 152.

242, 14, 6. 114. 134. 190. 216. 323,

15, 25. 41. 85. 82. 112. 152, 16,
deae 2, 89, 6, 310. 314. 6311112,

81, 30, 366, 14, 316. 631 (coe.)
33331 5, 111, 11113. 313311,

44, 6, 446, 10, 313, 13,12, 15,

91. debent 1,15. debeat 5, 20,

11, 133, 13, 33, 11, 133. debere

3, 51; 4, 52. deberet 6, 381. de-

buit 8, 213. 222. debueris 13,

115. debuerant 3163. debetur

1, 133, 3, 551. 311, 11, 11.
debilis 10, 221.
debilitata 14,156.
debitor 1313.

6333111 1,142, 13,11.

decembri 1, 91, 9, 68.

6333131113,92.

decerpere 14, 253.

33331 11, 155. 131. 1333311113.
decens 6,162. decentius (adv.)
6, 481. decebat 1, 13. 6333131
8, 263. 6333111111 8,182.

633163111 6, 432.

decidere 12,33.

6331311 10, 335, 13, 136,

deci it 5,166; 6, 234. deceptas 9,
16. decepta 6, 603.

declamare 7‚155.

declamatio 10, 161.

declamatoris 15, 23.

decocta (33631. nom.) 5, 50.

6333131 6, 600, 1226.

decoquo decoxit 15, 51.

113331· 6333111 6,501.

6331313313 1, 220. decrescebat 1555.

decurrere 1, 19, 3126.

31*

6331116255.

636331332111331.) 4, 131. (acc.) 8, 200,

deditus 6, 181. 206, 3, 11.

deducis l, 151, 8, 213. deducere
3, 155. 155; 1, 31111, 11, 131.
deduxit 10, 109. deducendum
15, 155. deductis 13131.

defendit 2, 46. defendere 1, 103,
8, 48. defendier 15‚157. defen·
1111 10, 85.

6313111131 8, 153.

defert 11‚155. deferet 6, 552. de·
tulit 6, 220. defertur 15, 15.

636311 1,129. deficiat 3, 311. de·
6313111311,38. deficientibus 12,
69. deficeret 11, 199. 6313311 5,
91. defecisse 5,1; 10, 111.

6361111 1, 32. defluxit 3, 62.

defectio defossa 10, 46.

deformia (acm.) 4, 58. (qm.) 3, 81.
deformem 15, 191. 192. 301. de-
10m155,101.

defundere 3, 211.

degenerare 14, 14.

derecerat 11, 119.

dein 15, 55.

deinde 1, 101. 128, 3, 280. 298, 6,
15. 155. 113, 5,110; 3, 33. 11,
13, 33. 33.

delapsa 5115.

delator l,33; 3,115; 10,·10. 63-
111313 4, 48.

delectant 8, 132131. 6313313316,
361. delectatur 155.

deleo dele l, 21. delebit 12, 123.
delevit 5, 35.

deliberat 1, 162.

deliciae 4, 4. delicias 6, 41. 260,
13, 131, 13, 115.

delinquere 14, 233.
631311113131116, 590. delphinis 1311.
delubri 13, 69, 63111111 3,13. 63-
lubris 12, 84. delubra 13, 101.
demens 111311.) 10, 166, 11, 2, 15,1.
(coe.) 6, 222.

dementia 10, 233.

63131111111115,146.

631363113119,134. 6311131411.

dentes 11131111 6, 145. (acc.) 15, 10.
dentibus 3, 301, 11, 124, 14, 241,
13131.

denso 6, 263. 63111114, 144. densi
6, 381. 6311113 9,36, 12,18. den-
sos 6, 52. 631111 10186. den-
sissima 1, 113, 13, 215.

 

