W5rterveneichniss. 65*

pauidps 9, 99; 9,999; 99, 999. parmam.
6910 999 paro 99999696 14, 48. 999916,
919395. 608; 8,;130 14, 913. 99991198
99991999, 999. 9993 9999191999. pares 14'
pallor4,.75 pallorem 15101. 900. paret 11, 91. 99999136
9919996393 99199991516 991- 99919 101311 para 9110,1051
mam11,181 19958, 58, 13, 488. 99991119 14, 55; 15, 199’
198.991919991,81.99199199,149. 991991, 6, 639. 99191991 3, 2243
99199998, 78. 951· 14, 140. parantur, 6 465’

9919999994. paretu'r 4’, 131. parari 8,’993·
po 9919911 35. palpetur 10 906. 9999919166. paratu· 3,106ζ

paludatis, 499. ,56; 9,7; 13, 108. paratum 12’
99199991189419996961. 106. parato 5,168. 999919 6’
99199 3, 307 9919 ee 10, 916. 901. parato 10, 333. parati 9,
pandit 10 194 999691,150 999- 49; 15,109; 16,46. paratae 6,
(11199914,391. 945. 9999119 6, 16. 913.
9999919991.,) 1 190; 10, 900. 911. 9999991693149.
1.,;99)51514, 198. 9999999, 99991,96; 3,;111 58, 9,191; 19,
101, 5,67· 10,81;14, 181. pune 96.59; 18,151; 15 3 13. 133.
5,189;6,Ῐ165; 19, 601 99119 10, 909, 14, 94. partem 4,
9999191996960 19; 19,110;13,186;14,18.106.
pannosus 10,109. 99 (voc.) 8, 44. 99919 3. 194;
99999999.99999111,198.999991,145.81431;1,48.114.159.189; 10,
9999114, 300. 9999198951. 913; 11,99.19.101; 19,48;13,
papau6,633. 136;14,131;15,85. 9991991,
9999196199 1931 9911199999, 39. partes 1,
9999994,94; 1,101. ,·1,.11 9991159191148.
parmae) 19, 4, 15, 113. (9999199919 Ι11919993, 59.
4, 91, 5, 114, 10, 98; 13, 59 9999991999 13 14. parmulae 15 79.
1919991911;)1151 1,96; 898 915 9991119999191,
15, 53. 991993,104;15, 99919919999916696 19999.,,)6599
30.999119994,16;14,11.1-19991 9991999910, 359. 9991999, 138.
1993, 998, 6, 903151 398. 349. parum 15,166.
441. 516, 9, 109; 10, 399, 13, 906 9999999994, 69· 10, 950.
parasitus, 4 139;5, 145 parasiti 99999199 5,138. parvulus 3, 904.
14, 46. 999919 (99999. em p.) 6, 89, 10,
paratu 1413 110.1999.1999·)15191
99991115,1.59 9999996, 37. 999991 99999918, 10811999991,96; 1493
6,908; 14 981 999996, 119, 8, “6,.504 9999999838 arvo
147. 99991991,;185,1156 199- 1,1;814,.5 999996,564;,,198
199911, 946. 9999196991, 15. 1191101. 9999919999.91999.)6,11841
pareus 44,112.p 9999999 10, 116. 988, 12 87 9999,.ο91994 9999996,
..99199999 9999999999
parentis 7, 299; 8,45. 143· 9,81; 9999113, 141. 99999911, 93. 99999-
14, 56. 9999118, 951. 9199911991 119 14, 89. 9999119999,186; 19,
6,115; 8,;943 14, 910. parente 195. 99999999 5,150. 9999119,
14,.9 91999199113. parentum 28. pascendum, 7 76. pascendi
8138. parentes 6, 13; 10, 998. 9,6.7
345 9991999,55;19,13.
parere 3, 990· 564, 10, 339, 19, 999999 (nom.) 6, 8. (voc.) 9, 54,
197. 9999911114, 334. 999999914911.
9991915, 141. 9919999, 138. 9999999· pastor 8, 915. 99919919 11,151.
911 3, 933, 6,633 pariendis 15, 999199996150. 9991995991, 191.
995Ξ59991111, 303, 16, 59. 999199 99191195, 85. patellas 3, 961, 6,

³¹¹ ml 09991919) 5

 

