76*

quidni 10, 95.

quiescunt 13, 218. quiescetl, 126.
quamsi qualibet 14, 205
υιιι1σιιηιιιά111433.1ιιιιιοοηι.1

quingenu6, 137.

quinquatribus 10,115.

quinque 1,105, 6,,230 7,,121 9,
41311,2'06.

quip1ie5, 64, 6,11, 7,,100175, 8,
54. 216, 4041, 12, 7, 13,26,
189, 14,116;15,116.

quis (inter-roy .1 1, 30. 9416461. 130.
139, 2,824. 25, 3,49. 160. 161.
196. 208. 259 (bu). 293, 4, 46. 84.
101. 102,, 5 1291651. 158. 163, 6,
58. 166. 181. 220 1651241155).
34216171. 347. 40416711. 405571,
7, 63. 94 (bis). 95 1651. 103. 104.
147. 155. 215, 8, 6. 39. 57. 211,
9, 58, 10, 67. 141. 159, 11, 21. 38,
12, 28. 48. 95, 13, -·162 (bio). 164.
240, 14, 178, 211, 15, 1. 103. 119.

. 146, 16, 1. 25. 26. 30. uae 6,
617. uid 1,154. 176, 56. 86.
141. 25 , 4, 5. 69. 86, 6, 45. 185.
190. 359. 462, 7, 81. 1991651. 8,
183. 196. 199, 9, 3, 10, 36. 103.
108. 208. 213. 338. 347, 11, 2. 48.
182, 13, 72. 98. 234. ouius 3,
292. 293. uui 3, 49, 7, 211, 9,
54. quem l, 77. 78, 8, 39, 10,
216. quid 1, 9. 45. 48. 52. 106.
118. 119, 2651675175. 115. 134.
153. 154. 155. 166; 3, 41. 74. 183.
184. 291, 4, 14, 5, 18, 6, 41. 104.
1141617). 300. 301. 346. 388. 389
4031651. 475. 494. 568. 569, 1,
106. 158. 165, 8, 116751. 91167111.
94. 114. 179. 193. 221. 231, 9,16.
6716751. 68. 91, 125, 10, 45 72.
265. 278. 279. 302. 321. 3241651.
325, 11,81,13,5. 176, 14, 23.
153, 15, 171. (1566601512, 22.

..ιιιὲιι 666 ι ⁹666
8,111, 10,87, 1248 qmd 8,
ιιι 6 666 ι ι
10, 68, 15,11.5

quisnam 10,69,13,243,15,103.
quaenam 6, 4'94. quidimm (ace.)
4,1;30 10, 329.

quiiquum8, 196. 232, 10, 184, 11,
148. cuiquam 3, 11’9; 8,178, 14,
6, 15, 55. quemquam 10, 96, 12,

Register.

130, 13, 172. 249. ιιίᾱᾳιιιιιι 10,
246. quoquam 13, 56.

quisque 1, 41, 3,143, 12,20, 13
46. quaequefi, 66, 6,408, 14,
105. quemque 3, 250, 7, 213.
qqfiqiig'i, 161. quaeque 10 ,349,

qum uis 6, 211, 8, 274, 10, 116.
255,14,221,ᾳιι561]ιιί(’14,54,6,
520. 598. 643, 7, 162, 11, 190.
191. quidquitil, 85, 6,466. 553.
632· 8, 96, 9, 97. 11;4 10, 114.
344· 15, 83, 15, 99.

quinia cuivis 40, 31. quemvis3.15.

quo (adv. intewoq.) 8, 9. 142144,
9, 81, 14, 135, 15, 61. 172.

quo miuus 6, 334.

quocumque 14, 277.

quod 2, 43. 138. 139, 3, 2..84 86.
147. ⁵153. 210, 4, 99, 5, 12. 65
16ιἰ1, 6, 34. 35. 45. 185. 368. 369,
510. 612. 657, 7, 159. 222, 8, 54.
135, 9, 71. 83. 99, 10, 28153.
208, 13, 2. 15. 166191. 200, 14,
70. 114, 15, 36. 47. 60. 84.

quondum 3, 34. 313, 4, 24, 6, 288,
11, 83, 13, 38. 200.

quoniam 3,114, 6, 555, 14, 40.

quoque 3, 320, 4, 93101115, 1,
193. 202, 9, 75, 10. 47. 148, 11,
111. 201, 12, 39, 13, 21. 224, 14,
52. 79. 108. 127. 261. 325, 15 ,149,

quot (interrog) ,13 141 16ι”ι1. 4, 7, 6,
277. 406, 7, 235. 236, 15, ’141
216. 220. 221. 2221651. 223. 224.
225,14,151.1ν7161.)3,274,7,
226, 13, 26.

quotiens (interroq .) 3, 270. (relat)
l, 165; 2,.2156, 3,40. 306. 318,
5, 28. 145, 6, 61. 480. 194. 535.
647, 7, 179, 9, 51. 111; 10, 29,

quouis quota 3,61; 13,157.

R.

rabidum 6, 428. rabidi 15,163.
rubie 6, 468, 13, 225, 15,126.
radiat 6, 205. radiant 6, 381.
radios 13,18,

rado rudut 13,151. radere 6,105;
14, 7. ruso 5,171,12,81. rum
raetiae 4,118. raeda} 3,10. ιιι·
danim 3, 236.

 

