30*

229, 14, 61. 131. 200. 221. 242,
15, 22. 163, 16,39. (16]Ιῖῑῆ 1,101,
168, 3, 64. 15216293, 6, 34.
. 469, 3, 39, 13,91.
oum (pari. correcp.) 9,1,18Ι
iffifflfflfffflffiffiffffifflss
ummomnmfflffimo
204. 261. 211. 303. 30411111). 308.
mmmmwmmmu
1, 62. 63. 83. 86. 108.151; 8,158;
9,63. 148, 10, 26. 111. 252. 253.
256. 290. 319. 329, 11,36. 148,
11111Μ11μ1
10. 33. 80. 83138. 111. 216. 235.
311, 15,138, 16, 29. (cum coni.)
1, 11. 22. 21. 261111). 32. 31. 55.
mmmmmumffim3
3, 38. 128. 291, 4, 29. 31. 41. 138,
111111111111
lunowcmmmcm
96. 120. 151. 201, 10, 52. 158.
282, 11, 31. 60. 90.118, 12, 20.
30. 33, 13, 111, 11, 51110. 136
16111290, 15, 13. 31. 166, 16, 24.
cumbae (qen.) 4, 45. (dat.) 12, 80.
11111112,151.
cumulus 3, 210.
conce cunis 6, 89.
cunctatio 6, 221.
1111111111 11111116618, 12,91. 1111-
tis (1111111.) 6, 314, 11, 149, 15, 39.
(nescir.) 10, 23. cunctos 13,101.
1111111111,145. cuncto 6,190.
410, 8,129, 10,13, 11,42,12,
31, 13, 135, 14, 245, 15, 56. 99.
cunctis (111111.) 2161, 15, 29.
<mmumc
1111111661.
11,),ᾱέἀο 143, 11,115. cupidine
wffiwfflffim.
cupit 6, 445. coluimus 10, 5. 11-
111 10, 96, 1 , 31. cupiat 10,
160. cupiant 6, 354. cupiens
12, 35. cuperet 10, 294, 14, 313.
cuperent 2,151. 11111 14,13.
11,111111 l, 148, 2,13 .
θηξ,,’;111,’111311ῗ’111111311611ἓῖ
curo 6, 501. 508, 13, 211. curae 6,
414. curam 1, 58, 11,115;14,
151. 1111110, 12303, 13, 221,
14, 303. curus 6,189, 1, 65, 10,
51.13,11,93. curis 11, 183.

Register.

curabilis 16, 21.

1111111111283.

ouria 8, 91, 9,101.

curo 11111 6,111, 1,91. curat 6,
300. 11111113101. 111113,
111ω11.ωω11

curentur 13, 124. curandum 8.
121. 111111111455.

curriculo 14, 231.
1

currit 6, 534, 8,160; 13, 168. cur
runt 3, 308, 11, 49. cunsmus
10, 85. curre 11,111. currite
4,16. currere 3,128. curreti-
240. 1111111511. cucurrit 12
61. curritur 1, 82.

currus 1,125. curru 10, 42. 282.
1111111,61. curribus 8,3, loco.
cursor 5, 52.

1111111115,11. 1111111253, 14,21.
1111111111114,166. 1111111110,
135. curta 3, 210.

curules 10,91.
11111211111116,262. curruum
1,11.

curvus 9,145. 111111116449. curro
14,83. curvis 11121, 13,169.

cuspide 2,130.

, custodia 11, 304.

custodit 1,101, 9,123. custodite
6, 630. 1111111111341. 11111-
ditur 13, 138.

custos 5, 40, 1, 218, 10, 111, 13.
151. custodem 6, 315. custode
uncum.mmoemm
348, 8, 52. custodibus 10, 144.

cuticula 11, 203.

cutis 0,144. 11111112, 105. cute
nmmmnwm
111111111132. cyatho 9, 11. cys-
11111 13, 44.

cyclade 6, 259.

1111116165. cycnum 8, 33.

cylindros 2, 61.

cymbalo 9, 62.

cynici 14, 309. cynicos 13,121.
mfflnmn

I).

ommuni

dammuo 8, 94. ⁴
11111111 damnat 6, 556, 3, 202 161.
1ωω111ωωω1 y
wuummffimumm ¹
1111 mmmuu

 

