56*

111614, 138. 1166118217. me-
diie 3, 80, 6,108. 302.

medullae 14, 215. medullis 8, 90.

meiere 1,131.

mel mellic 6,181.

melior (11111111393. 104, 4, 104, 5,
133158. (im) 1, 71, 6, 350,
14,143. me 'ue 2,139. meliorem
14, 212. melius 6, 34, 10, 344,
13, 18. 215. meliore (1111111.(3,82,
14, 35. (1161111.)14,95.158, meliora
3, 220, 12, 64. melius 2, 56, 7,
124, 9, 60, 11, 12, 14, 6, 15,
106.

membrana 7, 23.

membrum 1116116162, 11; 10, 198,
11,5, 13,218. 11611616111110,
233. membre 3, 259, 15, 102.

116111111911ὲ81. memento 5, 71, 6,
572, ,9.

memor 3, 318. memori 11, 28.

memorabile 2,113.

memoraret 4, 129. memorande 2,

1111661167,111.

1116161110,174,15,16.

1111611113,16,6,543,11,43.111111-
6166161411711111111661111 10,
277.

mene 1,166, 5,1, 10, 356, 13,194.
203. 11111117, 66, 14,175.226.
mentem 6, 531. 611, 13, 226.
mente 15,130. mentibus 6, 317.
mentes 14, 284.

meum 6, 305, 8, 178, 15, 12. men·
eae (9611.) 13, 211. (dam 110,
·,663υ.111116113,169,5,145.
menne 1,138.1111161 8,104.
1161111 14, 182. 1111116611, 75, 5,
4;11,117.1611111542

1161111 6,571.11111163,9, 6,153.
406. 1161111516.

1111111114, 72, 9, 34, 10, 98, 11,
35, 14, 93. 316. mensurum 1, 41.
1161111610101.

mentio 1, 11; 1,111; 11, 111.

mentiri 3, 41. 111111166123.

mercator 6,153, 14,269. mercato·
1111113154.

11611617, 175. 228, 14, 164. mer·
cedem 1,42, 3,15, 5,13, 7,]49.
157158. mercede 14, 273. mer·
166618246.

mercor mercurie 14,143.

mereris 8, 25. meretur 6, 532. me-
rentur 1, 37. merentem 15, 55.

Regieter.

meruit 6, 219, 7, 216, 8, 260. mc·
1111116 8, 226. 1111111111011111111311.
3, 127, 9, 82. (cce. 111611( 12,124.
1111111114,165.

1111111116118. r

mergit 10, 57. 1111311133. mer·
gere 14, 9. mergetur 8, 86. mer-
11111116, 523. meree 14, 301. mer·
1111,40.

merito (6111.) 2, 34, 3, 221, 8, tu:
10, 208, 15, 24.

11111111163,234.

merum meri 6, 319. mero 3, 283; 2
11,1; 1111,

merus 11616 6,187. mero (1161111611.
6, 159. (1161111.) 6, 303.

mere 116111114,201. meme 4, 33.
mercibus 14, 288.

meeeem 7,112.

mensoribus 8,117.

16210211161111 6, 583. metir 14,

1161611ο13,30,

11611111971. metitur 6, 358.

metit 3, 186.

1111616113240. r

metuo metuunt 14,101. metune 3,
302. metuens5,15»1; 7, 210, 13,
90. metuentem 14, 96. metuam
5,.5 11111118381111111110.
312.11611116,517.1161111136
(0111151161), 11, 45. (.11111111111

1111114118 1111113104 11.
303. 11111113198.

mene 10, 83. mee 1, 125, 9,135;
16,39.11111111(11111111111.(12,12Ι.
(1161111.) 11,190.1111“1 4,140.
1116(11ο111.1111·(1237.11611
6639. 11161393 1111111328.

1110161116, 309 micturiente 16

1113116171. migrare 11,51,15,
151. migraret 7, 7. migraret

milee8, 79, 10,18.267,11.101;
1616161111163248 milite 10
155, 16, 18. militibus 16 51.

1111116961, 88, 16, 2. 53. militie

1111163,,87,,391246122,14.
12 274 16 43 44 1111161116
1,;1111111(111.,(1111;11.
25. 111111161115, 5,60.

1101111167,106.

1111111955

 

