31*

3111311119113.

=1111111115,21, 1,121. 3131 1, 236,
16, 263, 11, 161. vinum 1, 31.
vino 5, 13, 6, 315. 366. 3133 5,
31, 11,133, 13,113.

violae 12, 36.

1108163111’6116515. 31'119.) 4, 86. (adv.)

3313131333 15, 3. violarent 3, 26.
violaverit 15, 31. violatus 11,116.
violatae 13, 6. 313133· 13, 213.
,31311113 6, 531.

11⁰1? 1136313, 53. 251. 3131 3, 563.
651, 3, 35, 13,12. 31331113,
3, 111. 111. 113, 13, 331. virum
6,116, 13, 31. viro1,16,1,136;
6, 363. 515. 311 3, 366. virorum
3, 333, 1313. 31313 3, 155. 3133
1, 13, 3, 313, 1313. 113. viris
6,136.

virentem 1265.

virgae 1, 210. virgam 11, 63. virgi
3, 311, 6, 1. 153. 563166,23.
136· 11 61.

313,3’3,113,3,133,3,11;11,13.
,31131111 15, 139. virgine 6, 506.

33313011 1111031133 5113, 3,
50. viridi -3, 19. virides (nom.
11161171, 118. (ace.) 6, 228458,
11,11.

virtus 6, 323, 3, 26. virtutis 16,
141, 14, 109. virtutem 16,141.
361. virtute 2, 26, 1, 2, 15,111.
3111υέ111111 (331. plur.) 3161. 1561.)
6,16.

311 6, 440. 31131 11,128. viribus
16, 16. 311313, 166, 6, 253. 3111-
133 16, 263, 11,11.

3113331111 6, 463.

31331311.

111333 3113311 (nom.) 312. 1131.)
:1³3 4145, 4,111, 9, 46. visceribus

313 ’13, 313. 31331333.) 1, 112, 3,
21. 121, 10, 188. 241. 215. 353.
361, ll, 51. 201, 1216, 13, 21,
14,106.151. (dat.) 9, 21. vitam
4, 91, 8, 84, 12, 50, 15, 161.
vita 13,11. 113, 133, 13, 163.

31313 3, 315. vitem 3, 211, 11,133.
vitibus 9, 56, 11,12.

3111111111, 113,3,132; 6,113,6,116;
11,163.115. 31313 3, 121, 12, 51,
11, 63. 3111112, 34. vitiorum 1,

Register.

61, 14, 32. 123. 3111113181. 1
311111 4,3, 6, 288.

3111 vitare 3, 512. 3131313,131.
31131113 8,116.

vitreo 2, 95.

vitro 5,13.

313333 6, 56, 12, 116.

3111313 4, 9.

vitulus 12,1. vituli 13,111. 3113- 1
lum 2123. vitulis 3, 236. ³

vivaria 3, 366, 1, 51.

31313 3, 333, 6, 55. vivimus 3,131. ,
3131111123, 1251, 15, 62. 31331 ’
3, 16. 31333 3, 56, 31, 11,111.
3133111329. 3133 3, 228. vivite
11, 119. 313313 2,135, 5,2, 1, ,
131, 11,131. 3133111111 1156. 1
viventibus 16, 213. vivebat 3,
163. vivebant 6, 12, 13, 38. vive-
ret 6,16. 3131111311 6, 561. 31311113
9, 58. vixit 6, 56. 3133111 ¹1,13⁵.
vixerat 16, 212. vivitur 8, 9.
313ἑ1111111111 ff, 191, 9, 116. viv-di
8, 4,11, 1. ,

ms} 59. 31334, 10, 15, 69,

13, .

3111 3, 251, 4,109, 5, 66, 6, 561. 4
594, 9, ’16, 10, 214, 13, 14. 26.
11, 11, 156. 133, 13, 55.

1131131131 6, 293. 11131311111111 9, 111. 1
11131131 8, 222.

516616,116.

1111116, 41. 133531, 16,16.315.311,

11, 135. 311133111, 11,111.

unius 11, 262. 31113111. unm

6, 36, 11,166. uuum 3,162, 13,

209. ullo (111313.) 2, 52, 11,113.

(31313.) 11,113. 6112 11,131.

ullis 13, 33. ulla 15, 112.
51m5111,111.

ulmos 6,150, 8,18.

ulterior 4, 20, 1, 30. 3113113113331
1, 111, 3, 33. (333.) 13, 113.

ultimus 3, 201. 209, 4, 38, 8, 260,
16,:142, 15,90. 1111111116111011311'116.
3,140, 6, 128. (voc.) 8, 44. [nom.
plur.) 2, 34, 12, 55, 15, 35. (111.

3, 31, 16, 215.

31113 13, 2. 131, 16, 13.

ultor 8, 216, 16,165; 14, 261.

31333 (praep.) 2, 1153, 3133, 3.
199, 14, 202, 16, 26. (adv.) 5, 16,
3133, 6,161, 16, 151, 11, 321.

ultro 13‚166.

1111113111 6616.

umbellam 3, 56.

 

