W6rterverzeiohniss.

1101116012126.

10011116,116; 8,.259 ancillarum
12,111, 0110111116,.326

61610931
0010111115163.

angtfisl4, 211. 008110111113.

0113011116,519,13,11.

3611311111311363

1030111113, 96. 1118011016, 169.
an 11616931113111101616.

1011001631.

1110110101.13,261,6,561.11101.)
16163 0111110016531651, 8,
83, 16,281, 12, 51 0010113183
1111111102,156,6,251 animas
4. 152, 6, 636, 6,123, 11, 16,
15,91. 159.

1111111111,111. 101111111100018, 56;
11,1,11,16;15.99. animalibus
15,11.113.

1111111111 3, 56, 6,261,1,51. animi
1, 91, 6, 196. 613, 8, 21. 116, 9,
16, 16, 216, 13,196, 11, 119.
auimo 11,15, 11, 329. animum
212, 6, 91, 16, 351, 13,166,11,
15. 265, 15,119. 00111101,152
169, 6,166, 131951010101001
16356 1111111112,139.011111101
1,6,96,265;1,61.,6511,33.
animis 12, 63, 15, 52.

annalibus 2,161.

0111101109, 1116.

0110111011119.

annuit cs. adnuit.

01101 6, 192, 1, 212, 11,16. 191,
1612. anni 11,12, 13, 66.
10011113, 225· 6,521. annul,
111,11,63. 11111011,129,6,196,
1,39, 1,6186.219,13,11, 1116
1919101, 3, 262, 1, ’1235 16139,

01113110101111011. ti 116 39
.’.ωο plur.) 6,186.

11101115,111.01110106,516.111-
1011111115111.

1111011νο111 ,11,169, 2,,11 1,,16
5,56.111. 116, 6,396. 128. 596,
1, 113, 6,11. 2161. 144. 156. 226,
9,l;68 16, 1912116339, 11, 190.
112, 12,11,3 1126925510601
3,111. 213, 6211. 111. 566. 632·
9,1,11 11, 3211.

101000111219.

mmffmm

antiquaria 6,151.

19*

0111111015,33.11111011016,21.10-
tiqui 15, 169. 1111101110 14, 216.

01600011011001116,519.1011. ,

111010.11,;12 1633613119111-
11 quis 1061010101 1,136;6,15.
111001Η11615Λι11111011110116393.
1111111012113.
101111111,11.111110106111216
326, '1,59 1111111113, 11.
1111111111, 116, 16, 166· 11,11. 129.
1111101111 13 211 1111011101,.51
anxius 16,66.11111111,119,16,
10015,116,11,136,15,162, a
5,161,15,162.ορ111111 1, 13.
011011, 111,
01101116161. 00011101, 116, 9,.96
10011101, 163. 0001106161110116
6,3.92 apertius 4, 69.
apex 12,12.
1111131113 ³³
aplustre 16, 136.
1111011111, 1.58 0000111119, 61.
aptus 1561011111 12,39.1,)11
95, 919. 1011016, 561. aptissima
apud, 6, 91. aput 6, 395169, 11,
131· 15, 31.
aquam, 3,19,8 5,.52
0011016, 526. 0011111,
1000111116, 332.
11,11111111111191.11,1111116,52.
aquilone9, 66.
1102μὸ9 011012,1,133.6111110
1,11, 6, 366. 696, 16, 63. 266,
11, 219 11,118 13, 15, 115. aras
1, 111, 3, 115, 6, 315, 12, 112,
11151106011136.
11111100 11, 61.
aratro 1, 19, 8 ,216, 16, 216, 13, 65,
11,161. aratris 2,11.
111111101819.
11611110 13,111.
016013,16.11601116,,515 12 32
01601011,111,11,611.11110115111

uis33‚.19

11,165,
arbusta 11,111.

11001625 1110101311. 01061,
96, 3113161, 6,,363 11, 26·

1110111101 6,613.110011111119,116.
1101116 15,111.11011110 2,125,
11,162111001101110111.,0;’,’11111261
(00011313.

2*

 

