Worterverreichniss.

7, 293, 8, 155, 9, 4. 128 15111, 10,
86. 940, 11, 5. 6, 14, 92, 95. 302.
dummodo 7, 222225, 8, 269, 13, 94.
duo 6, 338; 9, 143. duce 6, 20.
duo 4,109, 7,187. duos 5,15,
6, 641. 643, 14, 926, duos 7, 65,
10, 80. 111114,12,16,24.
durat 6, 379. duret 19, 254. durate
durum 6, 98. 1111119,29, 11,151.
11111116,377,11,90. 111113,
170. 245. 111111 2,11, 6, 290.
1111116102. 111115,172. durior
3,165, 8,189. durius (acc.) 3
dux 4, 111. 11111,111;1,11;
16, 58. ducem 111151. 11111110,
147. duces 7, 115, 8, 12. du-
1111111111.) 12,108; 15, 40. (abl.)
6, 400.
6.

ο1,11;1,111;1,111;11,11;
181011. ex.

ebrius 9, 278, 15, 24, 111111 6, 900,

11111111, 11, 113, 11, 111. eboris
11, 131. ebore 14, 908.

eburno 10, 43. 1111111113,139

11112, 119, 4, 1, 5. 67. 166, 6, 511
8, 209, 12, 24.

1111111143.

ecus cf. equus.

ediscunt 14, 101. ediscere 14, 124.

ido edendi 4, 133. 111115, 147. 148,
111111. eise 11111,

e‘do edunt 3, 36. 1111111,21, 14,
917. ede 9, 74, 296. 1111117
196, 10, 261. 1111111129. editi
1,111.

educat (ind) 15, 70.

educit 6, 469. eduxit 10, 236.
161116, 182 161111 6, 567. efferre
1, 72. 111111116175. 1111111114
116111111621. 1161111329.
116811115,’4. 116811111’,191,6,
310,11,’106. effi 1811111111.18,9.
227. 1111.,,1822 19,119.
1611111 16, 38.

16Ἓ111Μ501ῌθ4. 1618111 14, 157.

16111111 4, ’49’,” 14, 290. effundunt
6,190.’161’11111’15,159.16111·
11111112,39.161111118,205,10,
78.161’111111119,67.’1611’116,

95*

1811 eget 7, 62, 13, 97, 14, 288.
18111 15, 147. egeat 7, 129.
egentis 14,197.

egestas 15,96.

181 1, 1. 51. 52. 80. 102. 198, 2,16,
21, 9, 5. 81. 289. 921, 6, 281452.
619. 651, 8, 99. 46, 9, 76. 139.
147, 11, 29, 14, 224. mihi 1, 3.
7. 25, 2,193; 9, 148. 295. 917,
4, 1. 96, 6, 289. 993. 454, 7,160,
8249956141163, 9127
71. 125. 199. 145, 10, 611216, 11,
60, 195, 121· 14153 1598,
16, 18 37 11110 82 11111111
3, ’27. 186 310, 8126, 9, 87.149,
11, 190, 19, 101, 14, 154. 917,·
16, 3. (1111846811 8,188; 9,
89. 148, 10, 122.

1981116111 egresse 11,186. egressi

, 35.

181 ’118,18,12,.41 e 181110,
29.18118111117,59,1,64,14,
115.18118111114,256.181181ο1
10,95.1811811110,17.

181181111111111.11111 1111111112.

eroso eiectum 13, 241 11111113, 16.

1111111114,52.

1111111014,307,

elegos, 1 4.

elementd 15, 86. elementa (com.)
88, 829. (icc.) 11,14. elementis

‚ 1.

elenchos 6, 459.

1118111116,12,102, elephantos 10,

1111111117, 212.

,1681 10, 329.

elixi 3, 194, 13, 85.

1111111111119, 10, 114. eloquio
7,139, 10,11’8.

eluius 1',1 9,’

1111111191.

111111111167.

mereo emente 6498.

1111181118164.

11111117,128.

emittere 15,67.

emo 11111 1, 41. emit 2, 6. emat
5, 98. eme 14, 252. 11111147.
cineret 7, 76. 1118111111199.
111114,15.12.11111114,.7 emitur
6140 466 11111116,’152. cmi
4, 26. emetur 6113, 11, 96.
1111111111, 16.11111111111,’1,94
9,66111111111, 5 60 1111111111,

3*

 

