Wbrtcrvmeichniss.

1,12. 6611616111 1,10. 6111161 12,
98, 14, 296. 6661116611,13. 66-
611111 1,16, 3111, 16, 66161.
cecidemnt 6, 421.

6611666111 9, 88, 66116616 9, 89.

66361611,221. 66116166 6, 531.

caecus 1116, 13,114. cccci 6, 265.
6666613351. 6666112,51. cce·
cos 1,110.

ccede 1, 154, 10, 112. caedibus
8, 213.

6661111 6, 483. 484, 1, 213, 8,156,
16, 66, 13,131. caede 613.
6116116166, 441, 13,121. caedenti·
bus 6, 484. cecidit 3, 218. 666-
ditur 11,141. caeduntur 2,13.
66666 10, 120. caesi 8, 211.

caelata 11, 103. 6661611 12,41.

6111111619,146.

6111611116146.

coelicolarum 13,42.

caelum 66611 6, 394. 645, 13, 83.
224, 14, 31. 294, 16, 85. caelo 6,
631. 6661616 1, 38, 2, 25, 3,18.
61, 6, 633, 11, 61, 11, 16. caelo
2, 25. 40, 6,11. 283, 9, 41, 10,
366, 11, 21.

senos 3, 266.

66636 15, 9.

menslei 14, 128. 66616166 2, 91.

cassius 61161616 13,164.

6166661366.

6666366 12, 2.

6616166161,21. 66161666 13, 80.

6111111161.

66166116 1,119, 3,149; 16,14.

66166 calcas 6, 312. calcemus 16,
86. 6111666116, 60. calcor 3, 248.
6616616111 5,31.

clauus 3,16; 11,131.

6161 6, 113, 16, 216. calentem 11,
189. 6616611611,10. 661661661183.

6111116663, 6, 613, 11, 61, 16, 26.
6611111 9, 14. calidum 6, 121.
uuus 6, 363. 611.

61111311 6611366 16, 24.

6111361116 3, 322.

611136 (suist.) 6, 656. 613.

cilico caligantes 6, 31.

calix 66116616 1, 51, 5, 41. 6611666
3163, 11, 116.

61116611 1, 111.

callidus 1,123, 6, 422, 12, 41.

61161661136.

6616116 calvo 1661. mccc.) 4, 38. (601.)

23*

calx calcem 3, 295. calcibus 1,13.
6166611613. caminis 1661.
cammarus 5, 84.

6116313132. 6661 611631. campo
1,19. 6661316 ,106, 8, 242.
candelae 3, 281. caudelam 9, 98.
candida 111616. einp.) 6, 164. 526, 10,
345, 12, 12. (acc. plur.) 3, 30. 216.

candiduli 10,335.

canet 14, 144.

minim. 66666;161.61166.)16,
111, 1161.

6661113104. 6666160,418,15,8.
canibus (dat.) 8, 34. (65111117.
miscis 6,11.

canities 3, 26, 10, 208.

canus 6, 89.

66116 canentem 2, 64. canebat 16, 26.

66661611,162. 6666116118.

cantharus 3, 205.

canto 66111611,194, 10,118. 6611161
6, 333. 6166166,11;1,63. 616-
1661613110. cantabat 1, 211.
66661111,163,16,11. cantavit
8, 220. 66616661612,118. 666-
3361161 11, 180. cantandum 4,

666111614,46. 6661616 0, 101. cantu
6, 379, 8, 225. cantus 6, 610, 9,
66166666112,32. cunc 14, 10.

6631166111 11, 41, 12, 44. 6636618, 6.
capuces [nom. 111666.) 16, 144.
luccssm.) 1, 63, 6, 31.

6636116615,12. 6636163165.

caper caprum 1,16.

capessunt 14, 242. capessas 8, 110.

6113111616 5, 30.

6631111 lpas.) 6, 493. (11616.)11,149,
16,131. ea 11111 6196, 16, 31.

capis 6,13, , 88. capit 16, 148,

11,111.191. 66316111 ,18 capies
4, 126. 66361661 14, 320. 6636161
13, 14. 661161 15, 78. 6614,
69. 663166 “ 1, 66. 6113166116 6,
580. captu 6, 103. captum 6, 162.
66313 1116ὲο9. 6631661,84. 663-

63161 6,1’3.

capreae 11,111. capream 11, 81.

66366611111.

captator 5, 98. captatori 10, 202.
3133161616 6, 40. captatoribus 12,

66311166 (norro.) 10, 136. captivorum
10,280. captivis 1,201.

 

